Year     Value
1001     0.066
1002     0.046
1003     0.046
1004     0.046
1005     0.047
1006     0.047
1007     0.046
1008     0.047
1009     0.047
1010     0.047
1011     0.048
1012     0.048
1013     0.049
1014     0.050
1015     0.050
1016     0.050
1017     0.050
1018     0.051
1019     0.052
1020     0.052
1021     0.053
1022     0.053
1023     0.053
1024     0.054
1025     0.054
1026     0.054
1027     0.055
1028     0.055
1029     0.056
1030     0.056
1031     0.057
1032     0.057
1033     0.058
1034     0.059
1035     0.059
1036     0.059
1037     0.059
1038     0.059
1039     0.060
1040     0.062
1041     0.062
1042     0.064
1043     0.062
1044     0.064
1045     0.064
1046     0.065
1047     0.065
1048     0.066
1049     0.067
1050     0.067
1051     0.068
1052     0.067
1053     0.068
1054     0.069
1055     0.070
1056     0.070
1057     0.071
1058     0.071
1059     0.072
1060     0.072
1061     0.073
1062     0.072
1063     0.074
1064     0.075
1065     0.074
1066     0.075
1067     0.075
1068     0.076
1069     0.076
1070     0.077
1071     0.076
1072     0.077
1073     0.077
1074     0.078
1075     0.078
1076     0.079
1077     0.080
1078     0.080
1079     0.080
1080     0.081
1081     0.082
1082     0.081
1083     0.082
1084     0.082
1085     0.082
1086     0.083
1087     0.083
1088     0.083
1089     0.085
1090     0.084
1091     0.086
1092     0.087
1093     0.086
1094     0.087
1095     0.086
1096     0.087
1097     0.087
1098     0.087
1099     0.087
1100     0.086
1101     0.086
1102     0.086
1103     0.087
1104     0.085
1105     0.085
1106     0.085
1107     0.085
1108     0.085
1109     0.085
1110     0.084
1111     0.085
1112     0.084
1113     0.085
1114     0.084
1115     0.084
1116     0.086
1117     0.085
1118     0.087
1119     0.085
1120     0.086
1121     0.085
1122     0.085
1123     0.087
1124     0.086
1125     0.086
1126     0.087
1127     0.087
1128     0.087
1129     0.087
1130     0.086
1131     0.087
1132     0.088
1133     0.088
1134     0.088
1135     0.087
1136     0.088
1137     0.089
1138     0.088
1139     0.089
1140     0.088
1141     0.087
1142     0.086
1143     0.086
1144     0.086
1145     0.087
1146     0.087
1147     0.086
1148     0.086
1149     0.085
1150     0.086
1151     0.083
1152     0.084
1153     0.085
1154     0.085
1155     0.084
1156     0.084
1157     0.084
1158     0.086
1159     0.085
1160     0.086
1161     0.087
1162     0.087
1163     0.088
1164     0.088
1165     0.086
1166     0.088
1167     0.088
1168     0.089
1169     0.089
1170     0.090
1171     0.088
1172     0.089
1173     0.091
1174     0.088
1175     0.088
1176     0.091
1177     0.090
1178     0.091
1179     0.090
1180     0.090
1181     0.088
1182     0.088
1183     0.089
1184     0.090
1185     0.090
1186     0.090
1187     0.091
1188     0.090
1189     0.089
1190     0.090
1191     0.090
1192     0.089
1193     0.091
1194     0.089
1195     0.089
1196     0.090
1197     0.090
1198     0.091
1199     0.089
1200     0.090
1201     0.088
1202     0.089
1203     0.088
1204     0.087
1205     0.087
1206     0.086
1207     0.087
1208     0.087
1209     0.085
1210     0.086
1211     0.084
1212     0.085
1213     0.086
1214     0.085
1215     0.086
1216     0.086
1217     0.084
1218     0.084
1219     0.084
1220     0.085
1221     0.084
1222     0.084
1223     0.083
1224     0.083
1225     0.082
1226     0.083
1227     0.081
1228     0.081
1229     0.081
1230     0.080
1231     0.082
1232     0.079
1233     0.079
1234     0.080
1235     0.082
1236     0.080
1237     0.081
1238     0.080
1239     0.081
1240     0.081
1241     0.080
1242     0.080
1243     0.079
1244     0.079
1245     0.079
1246     0.076
1247     0.076
1248     0.077
1249     0.077
1250     0.075
1251     0.076
1252     0.077
1253     0.076
1254     0.077
1255     0.076
1256     0.076
1257     0.076
1258     0.075
1259     0.076
1260     0.076
1261     0.076
1262     0.073
1263     0.076
1264     0.075
1265     0.073
1266     0.073
1267     0.074
1268     0.073
1269     0.072
1270     0.074
1271     0.073
1272     0.074
1273     0.072
1274     0.073
1275     0.073
1276     0.073
1277     0.073
1278     0.072
1279     0.071
1280     0.071
1281     0.069
1282     0.071
1283     0.071
1284     0.069
1285     0.070
1286     0.071
1287     0.071
1288     0.072
1289     0.069
1290     0.068
1291     0.070
1292     0.069
1293     0.070
1294     0.069
1295     0.069
1296     0.070
1297     0.070
1298     0.070
1299     0.070
1300     0.068
1301     0.067
1302     0.068
1303     0.067
1304     0.066
1305     0.065
1306     0.065
1307     0.064
1308     0.065
1309     0.065
1310     0.062
1311     0.062
1312     0.062
1313     0.063
1314     0.063
1315     0.062
1316     0.059
1317     0.061
1318     0.059
1319     0.059
1320     0.059
1321     0.059
1322     0.060
1323     0.059
1324     0.060
1325     0.060
1326     0.058
1327     0.058
1328     0.057
1329     0.056
1330     0.058
1331     0.056
1332     0.057
1333     0.054
1334     0.056
1335     0.057
1336     0.054
1337     0.055
1338     0.055
1339     0.054
1340     0.054
1341     0.055
1342     0.053
1343     0.052
1344     0.055
1345     0.053
1346     0.053
1347     0.053
1348     0.053
1349     0.052
1350     0.054
1351     0.053
1352     0.054
1353     0.054
1354     0.055
1355     0.054
1356     0.053
1357     0.052
1358     0.053
1359     0.052
1360     0.052
1361     0.052
1362     0.051
1363     0.052
1364     0.049
1365     0.053
1366     0.051
1367     0.051
1368     0.053
1369     0.051
1370     0.051
1371     0.052
1372     0.052
1373     0.051
1374     0.051
1375     0.050
1376     0.052
1377     0.051
1378     0.049
1379     0.050
1380     0.048
1381     0.049
1382     0.048
1383     0.049
1384     0.047
1385     0.047
1386     0.047
1387     0.041
1388     0.041
1389     0.040
1390     0.041
1391     0.040
1392     0.040
1393     0.039
1394     0.037
1395     0.039
1396     0.039
1397     0.039
1398     0.039
1399     0.040
1400     0.037
1401     0.037
1402     0.039
1403     0.036
1404     0.038
1405     0.036
1406     0.039
1407     0.039
1408     0.038
1409     0.039
1410     0.038
1411     0.038
1412     0.040
1413     0.038
1414     0.040
1415     0.038
1416     0.035
1417     0.038
1418     0.039
1419     0.037
1420     0.038
1421     0.039
1422     0.040
1423     0.039
1424     0.041
1425     0.041
1426     0.040
1427     0.039
1428     0.040
1429     0.041
1430     0.041
1431     0.042
1432     0.040
1433     0.039
1434     0.040
1435     0.040
1436     0.040
1437     0.040
1438     0.039
1439     0.041
1440     0.041
1441     0.041
1442     0.040
1443     0.040
1444     0.042
1445     0.041
1446     0.043
1447     0.042
1448     0.044
1449     0.044
1450     0.043
1451     0.044
1452     0.044
1453     0.044
1454     0.046
1455     0.045
1456     0.044
1457     0.046
1458     0.046
1459     0.047
1460     0.046
1461     0.046
1462     0.045
1463     0.046
1464     0.047
1465     0.048
1466     0.047
1467     0.048
1468     0.047
1469     0.049
1470     0.049
1471     0.049
1472     0.051
1473     0.049
1474     0.050
1475     0.051
1476     0.049
1477     0.050
1478     0.050
1479     0.052
1480     0.052
1481     0.053
1482     0.051
1483     0.051
1484     0.053
1485     0.052
1486     0.055
1487     0.054
1488     0.055
1489     0.054
1490     0.054
1491     0.055
1492     0.055
1493     0.055
1494     0.053
1495     0.055
1496     0.053
1497     0.053
1498     0.054
1499     0.055
1500     0.055
1501     0.054
1502     0.054
1503     0.054
1504     0.054
1505     0.054
1506     0.053
1507     0.055
1508     0.052
1509     0.054
1510     0.055
1511     0.053
1512     0.052
1513     0.054
1514     0.054
1515     0.053
1516     0.054
1517     0.053
1518     0.052
1519     0.052
1520     0.055
1521     0.054
1522     0.055
1523     0.054
1524     0.053
1525     0.053
1526     0.053
1527     0.054
1528     0.054
1529     0.053
1530     0.047
1531     0.050
1532     0.049
1533     0.051
1534     0.046
1535     0.048
1536     0.047
1537     0.049
1538     0.047
1539     0.046
1540     0.044
1541     0.045
1542     0.046
1543     0.043
1544     0.045
1545     0.044
1546     0.042
1547     0.043
1548     0.039
1549     0.039
1550     0.037
1551     0.037
1552     0.034
1553     0.033
1554     0.033
1555     0.028
1556     0.028
1557     0.025
1558     0.026
1559     0.024
1560     0.023
1561     0.019
1562     0.019
1563     0.017
1564     0.015
1565     0.014
1566     0.012
1567     0.009
1568     0.008
1569     0.008
1570     0.007
1571     0.004
1572     0.003
1573    -0.001
1574     0.001
1575    -0.000
1576    -0.002
1577    -0.005
1578    -0.006
1579    -0.006
1580    -0.009
1581    -0.010
1582    -0.012
1583    -0.016
1584    -0.018
1585    -0.018
1586    -0.023
1587    -0.023
1588    -0.024
1589    -0.027
1590    -0.029
1591    -0.032
1592    -0.031
1593    -0.033
1594    -0.035
1595    -0.038
1596    -0.039
1597    -0.040
1598    -0.042
1599    -0.045
1600    -0.045
1601    -0.047
1602    -0.047
1603    -0.049
1604    -0.051
1605    -0.051
1606    -0.054
1607    -0.049
1608    -0.051
1609    -0.050
1610    -0.052
1611    -0.051
1612    -0.051
1613    -0.051
1614    -0.052
1615    -0.049
1616    -0.052
1617    -0.052
1618    -0.051
1619    -0.052
1620    -0.051
1621    -0.052
1622    -0.050
1623    -0.050
1624    -0.050
1625    -0.049
1626    -0.047
1627    -0.052
1628    -0.051
1629    -0.049
1630    -0.050
1631    -0.054
1632    -0.052
1633    -0.052
1634    -0.052
1635    -0.053
1636    -0.053
1637    -0.053
1638    -0.054
1639    -0.053
1640    -0.053
1641    -0.053
1642    -0.055
1643    -0.053
1644    -0.055
1645    -0.056
1646    -0.055
1647    -0.057
1648    -0.055
1649    -0.056
1650    -0.059
1651    -0.058
1652    -0.057
1653    -0.057
1654    -0.058
1655    -0.057
1656    -0.057
1657    -0.057
1658    -0.056
1659    -0.058
1660    -0.058
1661    -0.055
1662    -0.058
1663    -0.057
1664    -0.059
1665    -0.059
1666    -0.062
1667    -0.060
1668    -0.061
1669    -0.060
1670    -0.060
1671    -0.060
1672    -0.061
1673    -0.062
1674    -0.063
1675    -0.063
1676    -0.063
1677    -0.066
1678    -0.062
1679    -0.062
1680    -0.060
1681    -0.062
1682    -0.059
1683    -0.061
1684    -0.062
1685    -0.061
1686    -0.062
1687    -0.060
1688    -0.060
1689    -0.061
1690    -0.060
1691    -0.060
1692    -0.058
1693    -0.058
1694    -0.059
1695    -0.060
1696    -0.059
1697    -0.059
1698    -0.059
1699    -0.060
1700    -0.057
1701    -0.062
1702    -0.059
1703    -0.057
1704    -0.059
1705    -0.061
1706    -0.061
1707    -0.062
1708    -0.062
1709    -0.061
1710    -0.061
1711    -0.064
1712    -0.064
1713    -0.065
1714    -0.066
1715    -0.068
1716    -0.064
1717    -0.064
1718    -0.065
1719    -0.064
1720    -0.065
1721    -0.064
1722    -0.066
1723    -0.063
1724    -0.066
1725    -0.066
1726    -0.068
1727    -0.067
1728    -0.070
1729    -0.071
1730    -0.070
1731    -0.071
1732    -0.073
1733    -0.071
1734    -0.074
1735    -0.073
1736    -0.075
1737    -0.074
1738    -0.070
1739    -0.072
1740    -0.073
1741    -0.072
1742    -0.073
1743    -0.075
1744    -0.075
1745    -0.075
1746    -0.075
1747    -0.077
1748    -0.071
1749    -0.069
1750    -0.064
1751    -0.062
1752    -0.063
1753    -0.060
1754    -0.061
1755    -0.056
1756    -0.057
1757    -0.054
1758    -0.054
1759    -0.054
1760    -0.052
1761    -0.050
1762    -0.048
1763    -0.050
1764    -0.039
1765    -0.044
1766    -0.043
1767    -0.041
1768    -0.036
1769    -0.034
1770    -0.033
1771    -0.029
1772    -0.029
1773    -0.028
1774    -0.026
1775    -0.029
1776    -0.025
1777    -0.022
1778    -0.017
1779    -0.017
1780    -0.014
1781    -0.013
1782    -0.014
1783    -0.011
1784    -0.010
1785    -0.008
1786    -0.007
1787    -0.004
1788    -0.005
1789    -0.001
1790    -0.001
1791    -0.000
1792     0.001
1793     0.002
1794     0.004
1795     0.014
1796     0.026
1797     0.026
1798     0.025
1799     0.024
1800     0.024
1801     0.021
1802     0.024
1803     0.026
1804     0.026
1805     0.027
1806     0.026
1807     0.026
1808     0.027
1809     0.026
1810     0.025
1811     0.027
1812     0.026
1813     0.027
1814     0.029
1815     0.029
1816     0.027
1817     0.028
1818     0.030
1819     0.028
1820     0.028
1821     0.031
1822     0.030
1823     0.030
1824     0.025
1825     0.028
1826     0.030
1827     0.030
1828     0.031
1829     0.029
1830     0.034
1831     0.035
1832     0.040
1833     0.035
1834     0.036
1835     0.040
1836     0.038
1837     0.040
1838     0.040
1839     0.040
1840     0.037
1841     0.042
1842     0.043
1843     0.045
1844     0.048
1845     0.049
1846     0.050
1847     0.049
1848     0.052
1849     0.049
1850     0.051
1851     0.054
1852     0.055
1853     0.058
1854     0.059
1855     0.060
1856     0.065
1857     0.064
1858     0.068
1859     0.071
1860     0.070
1861     0.074
1862     0.075
1863     0.082
1864     0.081
1865     0.080
1866     0.087
1867     0.089
1868     0.092
1869     0.094
1870     0.099
1871     0.100
1872     0.106
1873     0.110
1874     0.111
1875     0.109
1876     0.119
1877     0.116
1878     0.127
1879     0.131
1880     0.136
1881     0.142
1882     0.150
1883     0.154
1884     0.157
1885     0.161
1886     0.168
1887     0.174
1888     0.174
1889     0.172
1890     0.177
1891     0.178
1892     0.193
1893     0.195
1894     0.200
1895     0.200
1896     0.208
1897     0.206
1898     0.210
1899     0.231
1900     0.234
1901     0.236
1902     0.236
1903     0.235
1904     0.230
1905     0.267
1906     0.267
1907     0.270
1908     0.272
1909     0.273
1910     0.282
1911     0.279
1912     0.286
1913     0.294
1914     0.303
1915     0.312
1916     0.306
1917     0.309
1918     0.319
1919     0.317
1920     0.321
1921     0.325
1922     0.336
1923     0.335
1924     0.343
1925     0.340
1926     0.356
1927     0.362
1928     0.368
1929     0.373
1930     0.371
1931     0.376
1932     0.387
1933     0.386
1934     0.398
1935     0.401
1936     0.405
1937     0.412
1938     0.416
1939     0.419
1940     0.416
1941     0.427
1942     0.427
1943     0.421
1944     0.434
1945     0.436
1946     0.437
1947     0.441
1948     0.448
1949     0.457
1950     0.462
1951     0.458
1952     0.468
1953     0.473
1954     0.479
1955     0.488
1956     0.487
1957     0.503
1958     0.509
1959     0.506
1960     0.526
1961     0.536
1962     0.552
1963     0.564
1964     0.568
1965     0.577
1966     0.598
1967     0.607
1968     0.618
1969     0.652
1970     0.665
1971     0.678
1972     0.692
1973     0.728
1974     0.733
1975     0.752
1976     0.772
1977     0.793
1978     0.822
1979     0.842
1980     0.874
1981     0.894
1982     0.907
1983     0.935
1984     0.963
1985     0.981
1986     0.995
1987     1.034
1988     1.069
1989     1.090
1990     1.106
1991     1.131
1992     1.143
1993     1.157
1994     1.186
1995     1.212
1996     1.241
1997     1.260
1998     1.276
1999     1.308
2000     1.303
