Year     Value
1001     0.034
1002     0.014
1003     0.015
1004     0.014
1005     0.015
1006     0.016
1007     0.015
1008     0.016
1009     0.016
1010     0.017
1011     0.017
1012     0.018
1013     0.019
1014     0.020
1015     0.020
1016     0.020
1017     0.020
1018     0.021
1019     0.022
1020     0.021
1021     0.023
1022     0.023
1023     0.023
1024     0.024
1025     0.024
1026     0.024
1027     0.025
1028     0.025
1029     0.026
1030     0.026
1031     0.027
1032     0.028
1033     0.028
1034     0.030
1035     0.030
1036     0.031
1037     0.033
1038     0.033
1039     0.034
1040     0.036
1041     0.036
1042     0.038
1043     0.036
1044     0.038
1045     0.038
1046     0.039
1047     0.040
1048     0.040
1049     0.041
1050     0.041
1051     0.042
1052     0.041
1053     0.042
1054     0.044
1055     0.044
1056     0.045
1057     0.045
1058     0.046
1059     0.047
1060     0.047
1061     0.048
1062     0.047
1063     0.049
1064     0.049
1065     0.049
1066     0.050
1067     0.050
1068     0.051
1069     0.051
1070     0.052
1071     0.052
1072     0.052
1073     0.053
1074     0.053
1075     0.054
1076     0.055
1077     0.055
1078     0.056
1079     0.055
1080     0.057
1081     0.057
1082     0.057
1083     0.057
1084     0.058
1085     0.058
1086     0.059
1087     0.059
1088     0.059
1089     0.061
1090     0.061
1091     0.062
1092     0.063
1093     0.062
1094     0.063
1095     0.063
1096     0.063
1097     0.063
1098     0.063
1099     0.064
1100     0.063
1101     0.063
1102     0.063
1103     0.063
1104     0.062
1105     0.062
1106     0.062
1107     0.063
1108     0.063
1109     0.063
1110     0.062
1111     0.064
1112     0.063
1113     0.065
1114     0.064
1115     0.064
1116     0.066
1117     0.065
1118     0.067
1119     0.066
1120     0.067
1121     0.067
1122     0.067
1123     0.069
1124     0.067
1125     0.068
1126     0.069
1127     0.069
1128     0.070
1129     0.070
1130     0.070
1131     0.070
1132     0.072
1133     0.072
1134     0.072
1135     0.072
1136     0.073
1137     0.074
1138     0.073
1139     0.075
1140     0.074
1141     0.074
1142     0.073
1143     0.074
1144     0.073
1145     0.074
1146     0.075
1147     0.074
1148     0.075
1149     0.074
1150     0.076
1151     0.073
1152     0.074
1153     0.074
1154     0.074
1155     0.074
1156     0.074
1157     0.074
1158     0.076
1159     0.075
1160     0.077
1161     0.077
1162     0.077
1163     0.078
1164     0.078
1165     0.076
1166     0.078
1167     0.079
1168     0.079
1169     0.079
1170     0.080
1171     0.078
1172     0.079
1173     0.081
1174     0.078
1175     0.078
1176     0.080
1177     0.079
1178     0.081
1179     0.080
1180     0.080
1181     0.078
1182     0.078
1183     0.079
1184     0.080
1185     0.079
1186     0.079
1187     0.080
1188     0.080
1189     0.078
1190     0.080
1191     0.080
1192     0.079
1193     0.080
1194     0.078
1195     0.078
1196     0.079
1197     0.079
1198     0.079
1199     0.078
1200     0.075
1201     0.072
1202     0.073
1203     0.073
1204     0.071
1205     0.071
1206     0.069
1207     0.070
1208     0.070
1209     0.068
1210     0.069
1211     0.066
1212     0.067
1213     0.069
1214     0.067
1215     0.068
1216     0.067
1217     0.066
1218     0.066
1219     0.065
1220     0.066
1221     0.064
1222     0.065
1223     0.063
1224     0.063
1225     0.061
1226     0.062
1227     0.060
1228     0.060
1229     0.059
1230     0.058
1231     0.059
1232     0.057
1233     0.056
1234     0.057
1235     0.059
1236     0.057
1237     0.058
1238     0.056
1239     0.057
1240     0.057
1241     0.056
1242     0.056
1243     0.055
1244     0.054
1245     0.054
1246     0.052
1247     0.052
1248     0.053
1249     0.053
1250     0.052
1251     0.053
1252     0.054
1253     0.053
1254     0.054
1255     0.053
1256     0.054
1257     0.054
1258     0.053
1259     0.054
1260     0.054
1261     0.054
1262     0.051
1263     0.054
1264     0.053
1265     0.051
1266     0.052
1267     0.053
1268     0.052
1269     0.051
1270     0.053
1271     0.052
1272     0.053
1273     0.051
1274     0.052
1275     0.052
1276     0.052
1277     0.052
1278     0.051
1279     0.051
1280     0.051
1281     0.049
1282     0.051
1283     0.051
1284     0.049
1285     0.050
1286     0.051
1287     0.051
1288     0.052
1289     0.050
1290     0.049
1291     0.051
1292     0.051
1293     0.051
1294     0.051
1295     0.050
1296     0.052
1297     0.051
1298     0.051
1299     0.051
1300     0.050
1301     0.049
1302     0.049
1303     0.048
1304     0.047
1305     0.046
1306     0.046
1307     0.045
1308     0.046
1309     0.047
1310     0.045
1311     0.045
1312     0.045
1313     0.046
1314     0.046
1315     0.045
1316     0.042
1317     0.044
1318     0.041
1319     0.041
1320     0.041
1321     0.041
1322     0.042
1323     0.042
1324     0.043
1325     0.043
1326     0.041
1327     0.040
1328     0.039
1329     0.038
1330     0.041
1331     0.040
1332     0.040
1333     0.037
1334     0.038
1335     0.039
1336     0.036
1337     0.037
1338     0.036
1339     0.035
1340     0.034
1341     0.035
1342     0.034
1343     0.032
1344     0.035
1345     0.032
1346     0.032
1347     0.031
1348     0.031
1349     0.031
1350     0.032
1351     0.031
1352     0.032
1353     0.032
1354     0.034
1355     0.033
1356     0.032
1357     0.031
1358     0.032
1359     0.031
1360     0.032
1361     0.032
1362     0.031
1363     0.031
1364     0.028
1365     0.032
1366     0.031
1367     0.031
1368     0.033
1369     0.031
1370     0.031
1371     0.032
1372     0.033
1373     0.032
1374     0.032
1375     0.030
1376     0.032
1377     0.031
1378     0.030
1379     0.031
1380     0.029
1381     0.030
1382     0.029
1383     0.030
1384     0.029
1385     0.028
1386     0.028
1387     0.022
1388     0.023
1389     0.021
1390     0.022
1391     0.021
1392     0.021
1393     0.021
1394     0.019
1395     0.021
1396     0.021
1397     0.021
1398     0.020
1399     0.022
1400     0.019
1401     0.019
1402     0.021
1403     0.018
1404     0.020
1405     0.019
1406     0.022
1407     0.022
1408     0.021
1409     0.022
1410     0.021
1411     0.021
1412     0.023
1413     0.020
1414     0.022
1415     0.020
1416     0.017
1417     0.020
1418     0.021
1419     0.019
1420     0.019
1421     0.020
1422     0.021
1423     0.021
1424     0.025
1425     0.027
1426     0.026
1427     0.025
1428     0.026
1429     0.026
1430     0.026
1431     0.028
1432     0.026
1433     0.025
1434     0.026
1435     0.026
1436     0.027
1437     0.027
1438     0.026
1439     0.027
1440     0.027
1441     0.027
1442     0.026
1443     0.027
1444     0.029
1445     0.028
1446     0.030
1447     0.030
1448     0.031
1449     0.031
1450     0.031
1451     0.031
1452     0.031
1453     0.032
1454     0.033
1455     0.032
1456     0.032
1457     0.035
1458     0.034
1459     0.036
1460     0.036
1461     0.035
1462     0.035
1463     0.037
1464     0.038
1465     0.039
1466     0.038
1467     0.039
1468     0.039
1469     0.041
1470     0.041
1471     0.042
1472     0.043
1473     0.042
1474     0.042
1475     0.044
1476     0.042
1477     0.043
1478     0.044
1479     0.045
1480     0.046
1481     0.047
1482     0.045
1483     0.046
1484     0.047
1485     0.047
1486     0.050
1487     0.049
1488     0.050
1489     0.049
1490     0.050
1491     0.050
1492     0.051
1493     0.051
1494     0.049
1495     0.051
1496     0.050
1497     0.050
1498     0.051
1499     0.053
1500     0.053
1501     0.052
1502     0.052
1503     0.053
1504     0.052
1505     0.052
1506     0.051
1507     0.054
1508     0.051
1509     0.053
1510     0.054
1511     0.052
1512     0.052
1513     0.054
1514     0.054
1515     0.053
1516     0.054
1517     0.053
1518     0.052
1519     0.052
1520     0.055
1521     0.055
1522     0.056
1523     0.055
1524     0.054
1525     0.055
1526     0.055
1527     0.056
1528     0.056
1529     0.055
1530     0.050
1531     0.053
1532     0.051
1533     0.053
1534     0.049
1535     0.050
1536     0.048
1537     0.050
1538     0.045
1539     0.044
1540     0.042
1541     0.043
1542     0.044
1543     0.041
1544     0.042
1545     0.041
1546     0.039
1547     0.040
1548     0.035
1549     0.036
1550     0.033
1551     0.033
1552     0.029
1553     0.028
1554     0.027
1555     0.022
1556     0.021
1557     0.018
1558     0.017
1559     0.015
1560     0.013
1561     0.009
1562     0.008
1563     0.006
1564     0.003
1565     0.002
1566    -0.001
1567    -0.003
1568    -0.005
1569    -0.005
1570    -0.007
1571    -0.009
1572    -0.011
1573    -0.015
1574    -0.013
1575    -0.015
1576    -0.017
1577    -0.019
1578    -0.021
1579    -0.022
1580    -0.024
1581    -0.026
1582    -0.027
1583    -0.032
1584    -0.033
1585    -0.034
1586    -0.038
1587    -0.039
1588    -0.039
1589    -0.043
1590    -0.044
1591    -0.048
1592    -0.047
1593    -0.049
1594    -0.051
1595    -0.055
1596    -0.055
1597    -0.056
1598    -0.058
1599    -0.061
1600    -0.062
1601    -0.063
1602    -0.064
1603    -0.066
1604    -0.067
1605    -0.067
1606    -0.070
1607    -0.065
1608    -0.067
1609    -0.066
1610    -0.068
1611    -0.067
1612    -0.067
1613    -0.068
1614    -0.069
1615    -0.062
1616    -0.064
1617    -0.065
1618    -0.063
1619    -0.064
1620    -0.063
1621    -0.064
1622    -0.062
1623    -0.062
1624    -0.062
1625    -0.061
1626    -0.059
1627    -0.063
1628    -0.062
1629    -0.060
1630    -0.061
1631    -0.065
1632    -0.064
1633    -0.064
1634    -0.064
1635    -0.065
1636    -0.065
1637    -0.065
1638    -0.066
1639    -0.066
1640    -0.066
1641    -0.067
1642    -0.069
1643    -0.066
1644    -0.068
1645    -0.069
1646    -0.068
1647    -0.070
1648    -0.068
1649    -0.069
1650    -0.071
1651    -0.070
1652    -0.069
1653    -0.069
1654    -0.070
1655    -0.069
1656    -0.069
1657    -0.068
1658    -0.067
1659    -0.069
1660    -0.068
1661    -0.066
1662    -0.068
1663    -0.067
1664    -0.069
1665    -0.069
1666    -0.071
1667    -0.069
1668    -0.070
1669    -0.069
1670    -0.068
1671    -0.068
1672    -0.069
1673    -0.070
1674    -0.070
1675    -0.071
1676    -0.071
1677    -0.074
1678    -0.070
1679    -0.070
1680    -0.068
1681    -0.070
1682    -0.067
1683    -0.069
1684    -0.070
1685    -0.069
1686    -0.070
1687    -0.069
1688    -0.069
1689    -0.069
1690    -0.068
1691    -0.068
1692    -0.067
1693    -0.067
1694    -0.068
1695    -0.069
1696    -0.068
1697    -0.068
1698    -0.068
1699    -0.069
1700    -0.066
1701    -0.071
1702    -0.068
1703    -0.067
1704    -0.069
1705    -0.070
1706    -0.070
1707    -0.070
1708    -0.069
1709    -0.067
1710    -0.067
1711    -0.070
1712    -0.069
1713    -0.070
1714    -0.070
1715    -0.071
1716    -0.068
1717    -0.067
1718    -0.068
1719    -0.066
1720    -0.067
1721    -0.065
1722    -0.067
1723    -0.064
1724    -0.066
1725    -0.066
1726    -0.067
1727    -0.065
1728    -0.068
1729    -0.068
1730    -0.067
1731    -0.068
1732    -0.069
1733    -0.067
1734    -0.070
1735    -0.068
1736    -0.069
1737    -0.068
1738    -0.063
1739    -0.065
1740    -0.066
1741    -0.064
1742    -0.064
1743    -0.066
1744    -0.066
1745    -0.065
1746    -0.065
1747    -0.067
1748    -0.060
1749    -0.057
1750    -0.052
1751    -0.097
1752    -0.098
1753    -0.095
1754    -0.095
1755    -0.090
1756    -0.091
1757    -0.088
1758    -0.087
1759    -0.087
1760    -0.085
1761    -0.083
1762    -0.077
1763    -0.078
1764    -0.067
1765    -0.072
1766    -0.071
1767    -0.069
1768    -0.063
1769    -0.061
1770    -0.060
1771    -0.056
1772    -0.055
1773    -0.054
1774    -0.052
1775    -0.053
1776    -0.049
1777    -0.045
1778    -0.040
1779    -0.040
1780    -0.036
1781    -0.034
1782    -0.033
1783    -0.028
1784    -0.027
1785    -0.025
1786    -0.024
1787    -0.021
1788    -0.022
1789    -0.017
1790    -0.017
1791    -0.016
1792    -0.015
1793    -0.014
1794    -0.012
1795    -0.001
1796     0.012
1797     0.011
1798     0.011
1799     0.010
1800     0.010
1801     0.007
1802     0.011
1803     0.015
1804     0.017
1805     0.019
1806     0.019
1807     0.019
1808     0.023
1809     0.025
1810     0.025
1811     0.028
1812     0.029
1813     0.031
1814     0.035
1815     0.035
1816     0.034
1817     0.036
1818     0.038
1819     0.037
1820     0.038
1821     0.041
1822     0.041
1823     0.042
1824     0.037
1825     0.040
1826     0.044
1827     0.044
1828     0.046
1829     0.045
1830     0.051
1831     0.054
1832     0.060
1833     0.056
1834     0.059
1835     0.064
1836     0.062
1837     0.065
1838     0.066
1839     0.067
1840     0.065
1841     0.072
1842     0.074
1843     0.077
1844     0.080
1845     0.083
1846     0.086
1847     0.086
1848     0.091
1849     0.089
1850     0.092
1851     0.066
1852     0.068
1853     0.070
1854     0.070
1855     0.071
1856     0.076
1857     0.075
1858     0.079
1859     0.082
1860     0.081
1861     0.086
1862     0.093
1863     0.102
1864     0.102
1865     0.103
1866     0.112
1867     0.116
1868     0.121
1869     0.124
1870     0.131
1871     0.133
1872     0.141
1873     0.147
1874     0.150
1875     0.150
1876     0.161
1877     0.159
1878     0.172
1879     0.178
1880     0.184
1881     0.191
1882     0.199
1883     0.206
1884     0.211
1885     0.217
1886     0.227
1887     0.234
1888     0.234
1889     0.233
1890     0.239
1891     0.240
1892     0.259
1893     0.264
1894     0.274
1895     0.279
1896     0.291
1897     0.295
1898     0.302
1899     0.329
1900     0.337
1901     0.343
1902     0.346
1903     0.348
1904     0.345
1905     0.388
1906     0.388
1907     0.394
1908     0.397
1909     0.400
1910     0.410
1911     0.407
1912     0.416
1913     0.425
1914     0.436
1915     0.447
1916     0.443
1917     0.446
1918     0.459
1919     0.459
1920     0.465
1921     0.470
1922     0.485
1923     0.488
1924     0.499
1925     0.499
1926     0.518
1927     0.527
1928     0.536
1929     0.544
1930     0.545
1931     0.553
1932     0.565
1933     0.565
1934     0.578
1935     0.581
1936     0.587
1937     0.594
1938     0.599
1939     0.604
1940     0.601
1941     0.614
1942     0.616
1943     0.612
1944     0.628
1945     0.632
1946     0.637
1947     0.645
1948     0.656
1949     0.670
1950     0.680
1951     0.683
1952     0.697
1953     0.703
1954     0.713
1955     0.725
1956     0.728
1957     0.747
1958     0.757
1959     0.759
1960     0.785
1961     0.800
1962     0.820
1963     0.839
1964     0.853
1965     0.872
1966     0.906
1967     0.928
1968     0.950
1969     0.995
1970     1.020
1971     1.044
1972     1.069
1973     1.120
1974     1.141
1975     1.174
1976     1.207
1977     1.244
1978     1.287
1979     1.319
1980     1.364
1981     1.399
1982     1.431
1983     1.476
1984     1.521
1985     1.557
1986     1.591
1987     1.648
1988     1.701
1989     1.741
1990     1.774
1991     1.814
1992     1.839
1993     1.865
1994     1.905
1995     1.942
1996     1.977
1997     2.007
1998     2.032
1999     2.078
2000     2.092
