Year     Value
1000     0.000
1001    -0.013
1002    -0.026
1003    -0.038
1004    -0.050
1005    -0.061
1006    -0.072
1007    -0.082
1008    -0.090
1009    -0.098
1010    -0.105
1011    -0.112
1012    -0.117
1013    -0.122
1014    -0.126
1015    -0.130
1016    -0.132
1017    -0.135
1018    -0.136
1019    -0.137
1020    -0.138
1021    -0.138
1022    -0.137
1023    -0.136
1024    -0.135
1025    -0.133
1026    -0.131
1027    -0.128
1028    -0.125
1029    -0.122
1030    -0.119
1031    -0.115
1032    -0.111
1033    -0.107
1034    -0.103
1035    -0.098
1036    -0.094
1037    -0.089
1038    -0.085
1039    -0.080
1040    -0.076
1041    -0.071
1042    -0.067
1043    -0.062
1044    -0.058
1045    -0.054
1046    -0.050
1047    -0.046
1048    -0.043
1049    -0.039
1050    -0.036
1051    -0.033
1052    -0.030
1053    -0.028
1054    -0.025
1055    -0.023
1056    -0.021
1057    -0.019
1058    -0.017
1059    -0.015
1060    -0.014
1061    -0.012
1062    -0.011
1063    -0.010
1064    -0.008
1065    -0.008
1066    -0.007
1067    -0.006
1068    -0.005
1069    -0.005
1070    -0.004
1071    -0.004
1072    -0.003
1073    -0.003
1074    -0.003
1075    -0.003
1076    -0.003
1077    -0.003
1078    -0.003
1079    -0.003
1080    -0.003
1081    -0.003
1082    -0.003
1083    -0.003
1084    -0.004
1085    -0.004
1086    -0.004
1087    -0.004
1088    -0.004
1089    -0.005
1090    -0.005
1091    -0.005
1092    -0.005
1093    -0.005
1094    -0.006
1095    -0.005
1096    -0.006
1097    -0.005
1098    -0.005
1099    -0.005
1100    -0.005
1101    -0.005
1102    -0.005
1103    -0.005
1104    -0.004
1105    -0.004
1106    -0.004
1107    -0.003
1108    -0.003
1109    -0.002
1110    -0.002
1111    -0.001
1112    -0.001
1113     0.000
1114     0.000
1115     0.001
1116     0.002
1117     0.002
1118     0.003
1119     0.004
1120     0.004
1121     0.005
1122     0.006
1123     0.006
1124     0.007
1125     0.008
1126     0.009
1127     0.010
1128     0.010
1129     0.011
1130     0.012
1131     0.013
1132     0.013
1133     0.014
1134     0.015
1135     0.016
1136     0.016
1137     0.017
1138     0.018
1139     0.019
1140     0.019
1141     0.020
1142     0.021
1143     0.022
1144     0.022
1145     0.023
1146     0.024
1147     0.024
1148     0.025
1149     0.025
1150     0.026
1151     0.027
1152     0.027
1153     0.028
1154     0.028
1155     0.029
1156     0.029
1157     0.030
1158     0.030
1159     0.030
1160     0.031
1161     0.031
1162     0.031
1163     0.032
1164     0.032
1165     0.032
1166     0.032
1167     0.033
1168     0.033
1169     0.033
1170     0.033
1171     0.033
1172     0.033
1173     0.033
1174     0.033
1175     0.033
1176     0.033
1177     0.033
1178     0.033
1179     0.033
1180     0.033
1181     0.033
1182     0.033
1183     0.033
1184     0.032
1185     0.032
1186     0.032
1187     0.032
1188     0.031
1189     0.031
1190     0.031
1191     0.030
1192     0.030
1193     0.029
1194     0.029
1195     0.028
1196     0.028
1197     0.027
1198     0.026
1199     0.026
1200     0.025
1201     0.024
1202     0.024
1203     0.023
1204     0.022
1205     0.021
1206     0.021
1207     0.020
1208     0.019
1209     0.018
1210     0.017
1211     0.016
1212     0.015
1213     0.014
1214     0.014
1215     0.013
1216     0.012
1217     0.011
1218     0.010
1219     0.009
1220     0.008
1221     0.007
1222     0.006
1223     0.005
1224     0.005
1225     0.003
1226     0.003
1227     0.002
1228     0.001
1229     0.000
1230    -0.001
1231    -0.002
1232    -0.002
1233    -0.003
1234    -0.004
1235    -0.005
1236    -0.006
1237    -0.006
1238    -0.007
1239    -0.008
1240    -0.009
1241    -0.009
1242    -0.010
1243    -0.010
1244    -0.011
1245    -0.011
1246    -0.012
1247    -0.013
1248    -0.013
1249    -0.013
1250    -0.014
1251    -0.014
1252    -0.014
1253    -0.015
1254    -0.015
1255    -0.015
1256    -0.015
1257    -0.015
1258    -0.016
1259    -0.016
1260    -0.016
1261    -0.016
1262    -0.016
1263    -0.016
1264    -0.016
1265    -0.016
1266    -0.016
1267    -0.015
1268    -0.015
1269    -0.015
1270    -0.015
1271    -0.015
1272    -0.014
1273    -0.014
1274    -0.014
1275    -0.014
1276    -0.014
1277    -0.013
1278    -0.013
1279    -0.012
1280    -0.012
1281    -0.012
1282    -0.011
1283    -0.011
1284    -0.010
1285    -0.010
1286    -0.009
1287    -0.009
1288    -0.008
1289    -0.008
1290    -0.007
1291    -0.007
1292    -0.006
1293    -0.005
1294    -0.005
1295    -0.004
1296    -0.004
1297    -0.003
1298    -0.002
1299    -0.002
1300    -0.001
1301     0.000
1302     0.000
1303     0.001
1304     0.002
1305     0.002
1306     0.003
1307     0.004
1308     0.005
1309     0.005
1310     0.006
1311     0.007
1312     0.007
1313     0.008
1314     0.009
1315     0.010
1316     0.010
1317     0.011
1318     0.012
1319     0.013
1320     0.013
1321     0.014
1322     0.015
1323     0.016
1324     0.016
1325     0.017
1326     0.018
1327     0.019
1328     0.019
1329     0.020
1330     0.021
1331     0.022
1332     0.022
1333     0.023
1334     0.024
1335     0.024
1336     0.025
1337     0.026
1338     0.026
1339     0.027
1340     0.028
1341     0.029
1342     0.029
1343     0.030
1344     0.031
1345     0.031
1346     0.032
1347     0.032
1348     0.033
1349     0.034
1350     0.034
1351     0.035
1352     0.035
1353     0.036
1354     0.036
1355     0.037
1356     0.037
1357     0.038
1358     0.038
1359     0.039
1360     0.039
1361     0.040
1362     0.040
1363     0.041
1364     0.041
1365     0.041
1366     0.042
1367     0.042
1368     0.042
1369     0.042
1370     0.043
1371     0.043
1372     0.043
1373     0.044
1374     0.044
1375     0.044
1376     0.044
1377     0.044
1378     0.044
1379     0.044
1380     0.044
1381     0.044
1382     0.045
1383     0.044
1384     0.044
1385     0.044
1386     0.044
1387     0.044
1388     0.044
1389     0.044
1390     0.044
1391     0.043
1392     0.043
1393     0.043
1394     0.043
1395     0.042
1396     0.042
1397     0.041
1398     0.041
1399     0.041
1400     0.040
1401     0.040
1402     0.039
1403     0.038
1404     0.038
1405     0.037
1406     0.037
1407     0.036
1408     0.035
1409     0.034
1410     0.033
1411     0.033
1412     0.032
1413     0.031
1414     0.030
1415     0.029
1416     0.028
1417     0.027
1418     0.026
1419     0.025
1420     0.023
1421     0.022
1422     0.021
1423     0.019
1424     0.018
1425     0.017
1426     0.015
1427     0.014
1428     0.012
1429     0.011
1430     0.009
1431     0.007
1432     0.006
1433     0.004
1434     0.002
1435     0.000
1436    -0.002
1437    -0.004
1438    -0.005
1439    -0.008
1440    -0.010
1441    -0.012
1442    -0.014
1443    -0.016
1444    -0.018
1445    -0.021
1446    -0.023
1447    -0.026
1448    -0.028
1449    -0.031
1450    -0.033
1451    -0.036
1452    -0.038
1453    -0.040
1454    -0.043
1455    -0.045
1456    -0.047
1457    -0.049
1458    -0.051
1459    -0.053
1460    -0.055
1461    -0.056
1462    -0.058
1463    -0.059
1464    -0.060
1465    -0.060
1466    -0.061
1467    -0.061
1468    -0.061
1469    -0.060
1470    -0.060
1471    -0.059
1472    -0.058
1473    -0.057
1474    -0.056
1475    -0.054
1476    -0.053
1477    -0.051
1478    -0.049
1479    -0.047
1480    -0.045
1481    -0.043
1482    -0.040
1483    -0.038
1484    -0.036
1485    -0.033
1486    -0.031
1487    -0.028
1488    -0.026
1489    -0.023
1490    -0.021
1491    -0.018
1492    -0.016
1493    -0.013
1494    -0.011
1495    -0.009
1496    -0.006
1497    -0.004
1498    -0.002
1499     0.000
1500     0.002
1501     0.003
1502     0.005
1503     0.006
1504     0.008
1505     0.009
1506     0.010
1507     0.012
1508     0.013
1509     0.014
1510     0.014
1511     0.015
1512     0.016
1513     0.016
1514     0.017
1515     0.018
1516     0.018
1517     0.018
1518     0.019
1519     0.019
1520     0.019
1521     0.019
1522     0.019
1523     0.019
1524     0.019
1525     0.019
1526     0.019
1527     0.019
1528     0.019
1529     0.019
1530     0.019
1531     0.018
1532     0.018
1533     0.018
1534     0.017
1535     0.017
1536     0.017
1537     0.016
1538     0.016
1539     0.016
1540     0.015
1541     0.015
1542     0.015
1543     0.014
1544     0.014
1545     0.013
1546     0.013
1547     0.013
1548     0.012
1549     0.012
1550     0.012
1551     0.011
1552     0.011
1553     0.010
1554     0.010
1555     0.009
1556     0.009
1557     0.008
1558     0.008
1559     0.007
1560     0.007
1561     0.006
1562     0.005
1563     0.004
1564     0.003
1565     0.002
1566     0.001
1567     0.000
1568    -0.002
1569    -0.003
1570    -0.005
1571    -0.007
1572    -0.008
1573    -0.010
1574    -0.012
1575    -0.015
1576    -0.017
1577    -0.019
1578    -0.022
1579    -0.025
1580    -0.028
1581    -0.032
1582    -0.035
1583    -0.039
1584    -0.043
1585    -0.047
1586    -0.052
1587    -0.057
1588    -0.062
1589    -0.067
1590    -0.073
1591    -0.079
1592    -0.085
1593    -0.091
1594    -0.098
1595    -0.104
1596    -0.110
1597    -0.117
1598    -0.123
1599    -0.129
1600    -0.134
1601    -0.140
1602    -0.145
1603    -0.150
1604    -0.154
1605    -0.158
1606    -0.161
1607    -0.164
1608    -0.167
1609    -0.169
1610    -0.170
1611    -0.171
1612    -0.172
1613    -0.173
1614    -0.173
1615    -0.173
1616    -0.172
1617    -0.171
1618    -0.170
1619    -0.169
1620    -0.167
1621    -0.166
1622    -0.164
1623    -0.161
1624    -0.159
1625    -0.157
1626    -0.154
1627    -0.152
1628    -0.149
1629    -0.146
1630    -0.143
1631    -0.140
1632    -0.137
1633    -0.134
1634    -0.132
1635    -0.129
1636    -0.126
1637    -0.123
1638    -0.121
1639    -0.118
1640    -0.116
1641    -0.113
1642    -0.111
1643    -0.110
1644    -0.108
1645    -0.106
1646    -0.105
1647    -0.104
1648    -0.104
1649    -0.103
1650    -0.103
1651    -0.103
1652    -0.103
1653    -0.103
1654    -0.104
1655    -0.105
1656    -0.106
1657    -0.107
1658    -0.108
1659    -0.109
1660    -0.110
1661    -0.112
1662    -0.113
1663    -0.115
1664    -0.116
1665    -0.118
1666    -0.119
1667    -0.121
1668    -0.123
1669    -0.124
1670    -0.125
1671    -0.127
1672    -0.128
1673    -0.129
1674    -0.130
1675    -0.131
1676    -0.132
1677    -0.132
1678    -0.133
1679    -0.133
1680    -0.133
1681    -0.133
1682    -0.132
1683    -0.132
1684    -0.131
1685    -0.130
1686    -0.129
1687    -0.128
1688    -0.127
1689    -0.126
1690    -0.124
1691    -0.123
1692    -0.122
1693    -0.120
1694    -0.119
1695    -0.117
1696    -0.116
1697    -0.115
1698    -0.113
1699    -0.112
1700    -0.111
1701    -0.109
1702    -0.108
1703    -0.107
1704    -0.105
1705    -0.104
1706    -0.103
1707    -0.102
1708    -0.101
1709    -0.101
1710    -0.100
1711    -0.099
1712    -0.099
1713    -0.099
1714    -0.098
1715    -0.098
1716    -0.098
1717    -0.098
1718    -0.099
1719    -0.099
1720    -0.100
1721    -0.101
1722    -0.102
1723    -0.103
1724    -0.104
1725    -0.105
1726    -0.106
1727    -0.108
1728    -0.109
1729    -0.110
1730    -0.112
1731    -0.113
1732    -0.114
1733    -0.115
1734    -0.116
1735    -0.117
1736    -0.117
1737    -0.117
1738    -0.118
1739    -0.117
1740    -0.117
1741    -0.116
1742    -0.115
1743    -0.113
1744    -0.111
1745    -0.109
1746    -0.106
1747    -0.103
1748    -0.099
1749    -0.096
1750    -0.094
1751    -0.094
1752    -0.094
1753    -0.095
1754    -0.096
1755    -0.097
1756    -0.099
1757    -0.100
1758    -0.101
1759    -0.101
1760    -0.101
1761    -0.099
1762    -0.097
1763    -0.093
1764    -0.089
1765    -0.085
1766    -0.080
1767    -0.075
1768    -0.069
1769    -0.064
1770    -0.059
1771    -0.054
1772    -0.049
1773    -0.045
1774    -0.042
1775    -0.040
1776    -0.038
1777    -0.038
1778    -0.038
1779    -0.040
1780    -0.042
1781    -0.044
1782    -0.047
1783    -0.049
1784    -0.052
1785    -0.053
1786    -0.053
1787    -0.052
1788    -0.050
1789    -0.045
1790    -0.039
1791    -0.030
1792    -0.019
1793    -0.004
1794     0.013
1795     0.033
1796     0.054
1797     0.073
1798     0.090
1799     0.104
1800     0.117
1801     0.128
1802     0.137
1803     0.145
1804     0.151
1805     0.155
1806     0.158
1807     0.160
1808     0.161
1809     0.161
1810     0.160
1811     0.158
1812     0.156
1813     0.152
1814     0.149
1815     0.144
1816     0.140
1817     0.135
1818     0.130
1819     0.125
1820     0.120
1821     0.115
1822     0.111
1823     0.106
1824     0.103
1825     0.100
1826     0.097
1827     0.096
1828     0.095
1829     0.094
1830     0.094
1831     0.095
1832     0.096
1833     0.098
1834     0.100
1835     0.102
1836     0.105
1837     0.108
1838     0.112
1839     0.116
1840     0.120
1841     0.124
1842     0.128
1843     0.133
1844     0.138
1845     0.142
1846     0.147
1847     0.152
1848     0.157
1849     0.162
1850     0.167
1851     0.173
1852     0.178
1853     0.183
1854     0.188
1855     0.193
1856     0.199
1857     0.204
1858     0.210
1859     0.215
1860     0.221
1861     0.227
1862     0.232
1863     0.238
1864     0.244
1865     0.250
1866     0.255
1867     0.261
1868     0.267
1869     0.273
1870     0.279
1871     0.285
1872     0.291
1873     0.297
1874     0.303
1875     0.309
1876     0.315
1877     0.321
1878     0.327
1879     0.333
1880     0.339
1881     0.345
1882     0.351
1883     0.357
1884     0.363
1885     0.369
1886     0.375
1887     0.381
1888     0.387
1889     0.393
1890     0.399
1891     0.405
1892     0.411
1893     0.417
1894     0.423
1895     0.430
1896     0.437
1897     0.444
1898     0.452
1899     0.461
1900     0.470
1901     0.480
1902     0.491
1903     0.502
1904     0.513
1905     0.524
1906     0.535
1907     0.546
1908     0.557
1909     0.567
1910     0.578
1911     0.588
1912     0.597
1913     0.607
1914     0.616
1915     0.625
1916     0.634
1917     0.642
1918     0.650
1919     0.658
1920     0.665
1921     0.672
1922     0.679
1923     0.685
1924     0.690
1925     0.695
1926     0.700
1927     0.704
1928     0.708
1929     0.714
1930     0.721
1931     0.730
1932     0.739
1933     0.750
1934     0.762
1935     0.774
1936     0.786
1937     0.798
1938     0.809
1939     0.820
1940     0.829
1941     0.837
1942     0.845
1943     0.852
1944     0.859
1945     0.866
1946     0.874
1947     0.882
1948     0.892
1949     0.903
1950     0.914
1951     0.927
1952     0.939
1953     0.951
1954     0.962
1955     0.972
1956     0.981
1957     0.990
1958     0.999
1959     1.010
1960     1.021
1961     1.034
1962     1.048
1963     1.064
1964     1.081
1965     1.099
1966     1.119
1967     1.141
1968     1.163
1969     1.187
1970     1.212
1971     1.239
1972     1.266
1973     1.295
1974     1.324
1975     1.354
1976     1.383
1977     1.413
1978     1.443
1979     1.472
1980     1.500
1981     1.527
1982     1.554
1983     1.580
1984     1.606
1985     1.631
1986     1.655
1987     1.679
1988     1.703
1989     1.727
1990     1.750
