Year     Value
1500    -0.056
1501    -0.056
1502    -0.056
1503    -0.056
1504    -0.056
1505    -0.056
1506    -0.056
1507    -0.056
1508    -0.056
1509    -0.056
1510    -0.056
1511    -0.056
1512    -0.056
1513    -0.056
1514    -0.056
1515    -0.056
1516    -0.056
1517    -0.056
1518    -0.056
1519    -0.056
1520    -0.056
1521    -0.056
1522    -0.056
1523    -0.056
1524    -0.056
1525    -0.056
1526    -0.056
1527    -0.056
1528    -0.056
1529    -0.056
1530    -0.056
1531    -0.056
1532    -0.056
1533    -0.056
1534    -0.056
1535    -0.056
1536    -0.056
1537    -0.056
1538    -0.056
1539    -0.056
1540    -0.056
1541    -0.056
1542    -0.056
1543    -0.056
1544    -0.056
1545    -0.056
1546    -0.056
1547    -0.056
1548    -0.056
1549    -0.056
1550    -0.056
1551    -0.056
1552    -0.056
1553    -0.056
1554    -0.056
1555    -0.056
1556    -0.056
1557    -0.056
1558    -0.056
1559    -0.056
1560    -0.056
1561    -0.056
1562    -0.056
1563    -0.056
1564    -0.056
1565    -0.056
1566    -0.056
1567    -0.056
1568    -0.056
1569    -0.056
1570    -0.056
1571    -0.056
1572    -0.056
1573    -0.056
1574    -0.056
1575    -0.056
1576    -0.056
1577    -0.056
1578    -0.056
1579    -0.056
1580    -0.056
1581    -0.056
1582    -0.056
1583    -0.056
1584    -0.056
1585    -0.056
1586    -0.056
1587    -0.056
1588    -0.056
1589    -0.056
1590    -0.056
1591    -0.056
1592    -0.056
1593    -0.056
1594    -0.056
1595    -0.056
1596    -0.056
1597    -0.056
1598    -0.056
1599    -0.056
1600    -0.056
1601    -0.056
1602    -0.056
1603    -0.056
1604    -0.056
1605    -0.056
1606    -0.056
1607    -0.056
1608    -0.056
1609    -0.056
1610    -0.056
1611    -0.056
1612    -0.056
1613    -0.056
1614    -0.056
1615    -0.056
1616    -0.056
1617    -0.056
1618    -0.056
1619    -0.056
1620    -0.056
1621    -0.056
1622    -0.056
1623    -0.056
1624    -0.056
1625    -0.056
1626    -0.056
1627    -0.056
1628    -0.056
1629    -0.056
1630    -0.056
1631    -0.056
1632    -0.056
1633    -0.056
1634    -0.056
1635    -0.056
1636    -0.056
1637    -0.056
1638    -0.056
1639    -0.056
1640    -0.056
1641    -0.056
1642    -0.056
1643    -0.056
1644    -0.056
1645    -0.056
1646    -0.056
1647    -0.056
1648    -0.056
1649    -0.056
1650    -0.056
1651    -0.056
1652    -0.056
1653    -0.056
1654    -0.056
1655    -0.056
1656    -0.056
1657    -0.056
1658    -0.056
1659    -0.056
1660    -0.056
1661    -0.056
1662    -0.056
1663    -0.056
1664    -0.056
1665    -0.056
1666    -0.056
1667    -0.056
1668    -0.056
1669    -0.056
1670    -0.056
1671    -0.056
1672    -0.056
1673    -0.056
1674    -0.056
1675    -0.056
1676    -0.056
1677    -0.056
1678    -0.056
1679    -0.056
1680    -0.056
1681    -0.056
1682    -0.056
1683    -0.056
1684    -0.056
1685    -0.056
1686    -0.056
1687    -0.056
1688    -0.056
1689    -0.056
1690    -0.056
1691    -0.056
1692    -0.056
1693    -0.056
1694    -0.056
1695    -0.056
1696    -0.056
1697    -0.056
1698    -0.056
1699    -0.056
1700    -0.056
1701    -0.056
1702    -0.056
1703    -0.056
1704    -0.056
1705    -0.056
1706    -0.056
1707    -0.056
1708    -0.056
1709    -0.056
1710    -0.056
1711    -0.056
1712    -0.056
1713    -0.056
1714    -0.056
1715    -0.056
1716    -0.056
1717    -0.056
1718    -0.056
1719    -0.056
1720    -0.056
1721    -0.056
1722    -0.056
1723    -0.056
1724    -0.056
1725    -0.056
1726    -0.056
1727    -0.056
1728    -0.056
1729    -0.056
1730    -0.056
1731    -0.056
1732    -0.056
1733    -0.056
1734    -0.056
1735    -0.056
1736    -0.056
1737    -0.056
1738    -0.056
1739    -0.056
1740    -0.056
1741    -0.056
1742    -0.056
1743    -0.056
1744    -0.056
1745    -0.056
1746    -0.056
1747    -0.056
1748    -0.056
1749    -0.056
1750    -0.088
1751    -0.032
1752    -0.058
1753    -0.034
1754    -0.076
1755    -0.054
1756    -0.171
1757    -0.097
1758    -0.043
1759     0.006
1760    -0.047
1761    -0.074
1762     0.010
1763    -0.094
1764    -0.007
1765    -0.061
1766    -0.048
1767     0.038
1768     0.015
1769    -0.016
1770    -0.053
1771    -0.043
1772    -0.056
1773    -0.081
1774    -0.056
1775     0.012
1776     0.002
1777    -0.052
1778    -0.041
1779     0.002
1780    -0.015
1781     0.073
1782    -0.011
1783     0.011
1784     0.109
1785    -0.008
1786     0.005
1787    -0.051
1788     0.072
1789    -0.019
1790    -0.034
1791     0.001
1792    -0.017
1793     0.004
1794     0.129
1795    -0.048
1796     0.072
1797    -0.009
1798     0.029
1799     0.049
1800    -0.082
1801     0.041
1802     0.090
1803    -0.012
1804     0.006
1805     0.088
1806     0.070
1807    -0.015
1808     0.122
1809     0.072
1810     0.036
1811     0.128
1812     0.149
1813     0.044
1814     0.043
1815     0.137
1816     0.053
1817     0.035
1818     0.120
1819     0.128
1820     0.049
1821     0.079
1822     0.069
1823     0.049
1824     0.098
1825     0.173
1826     0.047
1827     0.148
1828     0.058
1829    -0.008
1830     0.119
1831     0.092
1832     0.101
1833     0.076
1834     0.137
1835     0.083
1836     0.089
1837     0.240
1838     0.146
1839     0.149
1840     0.129
1841     0.079
1842     0.101
1843     0.103
1844     0.144
1845     0.042
1846     0.157
1847     0.082
1848     0.181
1849     0.185
1850     0.206
1851     0.138
1852     0.110
1853     0.107
1854     0.157
1855     0.064
1856     0.119
1857     0.139
1858     0.206
1859     0.144
1860     0.156
1861     0.217
1862     0.265
1863     0.181
1864     0.113
1865     0.023
1866     0.115
1867     0.278
1868     0.209
1869     0.158
1870     0.235
1871     0.025
1872     0.127
1873     0.157
1874     0.174
1875     0.154
1876     0.296
1877     0.244
1878     0.203
1879     0.273
1880     0.216
1881     0.217
1882     0.234
1883     0.258
1884     0.267
1885     0.243
1886     0.235
1887     0.204
1888     0.262
1889     0.246
1890     0.278
1891     0.305
1892     0.268
1893     0.189
1894     0.282
1895     0.320
1896     0.268
1897     0.283
1898     0.325
1899     0.435
1900     0.350
1901     0.379
1902     0.236
1903     0.289
1904     0.274
1905     0.302
1906     0.296
1907     0.254
1908     0.378
1909     0.254
1910     0.259
1911     0.274
1912     0.213
1913     0.330
1914     0.305
1915     0.350
1916     0.273
1917     0.338
1918     0.402
1919     0.307
1920     0.347
1921     0.378
1922     0.266
1923     0.388
1924     0.479
1925     0.395
1926     0.305
1927     0.407
1928     0.312
1929     0.364
1930     0.377
1931     0.263
1932     0.275
1933     0.248
1934     0.373
1935     0.314
1936     0.332
1937     0.479
1938     0.318
1939     0.464
1940     0.369
1941     0.351
1942     0.367
1943     0.354
1944     0.397
1945     0.414
1946     0.299
1947     0.324
1948     0.315
1949     0.378
1950     0.393
1951     0.383
1952     0.427
1953     0.397
1954     0.399
1955     0.366
1956     0.318
1957     0.291
1958     0.409
1959     0.323
1960     0.365
1961     0.305
1962     0.441
1963     0.320
1964     0.337
1965     0.333
1966     0.488
1967     0.371
1968     0.476
1969     0.428
1970     0.503
1971     0.586
1972     0.503
1973     0.370
1974     0.616
1975     0.658
1976     0.633
1977     0.699
1978     0.646
1979     0.751
1980     0.852
1981     0.738
1982     0.760
1983     0.738
1984     0.810
1985     0.911
1986     0.819
1987     0.899
1988     0.961
1989     0.933
1990     0.991
1991     1.044
1992     1.111
1993     0.992
1994     1.165
1995     1.093
1996     1.158
1997     1.096
1998     1.046
1999     1.078
