Year     Value
 900     0.133
 901     0.154
 902     0.156
 903     0.157
 904     0.157
 905     0.157
 906     0.157
 907     0.129
 908     0.106
 909     0.150
 910     0.156
 911     0.157
 912     0.157
 913     0.157
 914     0.157
 915     0.073
 916     0.004
 917     0.136
 918     0.154
 919     0.156
 920     0.157
 921     0.157
 922     0.157
 923     0.031
 924     0.137
 925     0.155
 926     0.156
 927     0.157
 928     0.157
 929     0.157
 930     0.157
 931     0.157
 932     0.157
 933     0.157
 934    -0.656
 935    -0.116
 936     0.125
 937     0.153
 938     0.156
 939     0.157
 940     0.157
 941    -2.017
 942    -1.063
 943    -0.114
 944     0.133
 945     0.151
 946     0.099
 947     0.055
 948     0.143
 949     0.155
 950     0.156
 951     0.157
 952     0.157
 953     0.157
 954     0.157
 955     0.157
 956     0.157
 957     0.157
 958     0.157
 959     0.157
 960     0.157
 961    -0.094
 962     0.117
 963     0.153
 964     0.156
 965     0.157
 966     0.157
 967     0.157
 968     0.157
 969    -1.070
 970    -1.056
 971    -0.128
 972     0.130
 973     0.151
 974     0.155
 975     0.157
 976     0.157
 977     0.157
 978     0.157
 979     0.157
 980     0.157
 981     0.157
 982     0.157
 983     0.157
 984     0.157
 985     0.157
 986     0.157
 987     0.157
 988     0.157
 989     0.157
 990     0.157
 991     0.032
 992    -1.037
 993    -0.284
 994     0.098
 995     0.148
 996     0.155
 997     0.100
 998     0.055
 999     0.143
1000     0.155
1001     0.156
1002     0.157
1003     0.157
1004    -0.046
1005     0.088
1006     0.149
1007     0.088
1008     0.134
1009     0.154
1010     0.156
1011     0.157
1012     0.157
1013     0.157
1014     0.157
1015     0.157
1016     0.157
1017     0.157
1018     0.157
1019     0.157
1020     0.157
1021     0.073
1022     0.004
1023     0.136
1024     0.154
1025     0.156
1026     0.157
1027     0.157
1028     0.157
1029     0.157
1030     0.157
1031     0.157
1032     0.157
1033    -0.252
1034    -0.248
1035     0.061
1036     0.148
1037    -0.255
1038    -0.248
1039     0.061
1040     0.148
1041     0.154
1042     0.156
1043     0.157
1044     0.157
1045     0.157
1046    -0.387
1047    -0.149
1048     0.089
1049     0.150
1050     0.155
1051     0.156
1052     0.157
1053     0.157
1054     0.157
1055     0.157
1056     0.157
1057     0.157
1058     0.157
1059     0.157
1060    -0.013
1061     0.100
1062     0.150
1063     0.156
1064     0.157
1065     0.157
1066     0.089
1067     0.134
1068     0.154
1069     0.156
1070     0.073
1071     0.004
1072     0.136
1073     0.154
1074     0.156
1075     0.157
1076     0.157
1077     0.157
1078     0.157
1079     0.157
1080     0.157
1081     0.157
1082    -0.252
1083    -0.248
1084     0.061
1085     0.148
1086     0.154
1087     0.156
1088     0.157
1089     0.157
1090     0.089
1091     0.134
1092     0.154
1093     0.156
1094     0.157
1095     0.157
1096     0.157
1097     0.157
1098     0.157
1099     0.157
1100     0.157
1101     0.157
1102     0.157
1103     0.157
1104    -0.011
1105    -0.148
1106     0.116
1107     0.151
1108     0.156
1109     0.157
1110     0.157
1111     0.094
1112    -0.440
1113    -0.064
1114     0.127
1115     0.152
1116     0.156
1117     0.157
1118    -0.866
1119    -0.854
1120    -0.081
1121     0.135
1122     0.152
1123     0.156
1124     0.157
1125     0.157
1126    -0.013
1127     0.100
1128     0.150
1129     0.156
1130     0.157
1131     0.157
1132     0.157
1133     0.157
1134     0.157
1135     0.157
1136     0.157
1137     0.157
1138     0.157
1139     0.157
1140     0.157
1141     0.157
1142     0.157
1143     0.157
1144     0.157
1145     0.157
1146     0.157
1147     0.157
1148     0.157
1149     0.157
1150     0.157
1151     0.157
1152     0.157
1153     0.157
1154     0.157
1155     0.157
1156     0.157
1157     0.157
1158     0.157
1159     0.157
1160     0.157
1161     0.157
1162     0.157
1163     0.157
1164     0.157
1165     0.157
1166     0.157
1167    -0.093
1168    -2.230
1169    -0.724
1170     0.040
1171     0.141
1172     0.153
1173     0.156
1174     0.157
1175     0.157
1176    -0.466
1177    -5.810
1178    -2.043
1179    -0.133
1180     0.118
1181     0.148
1182     0.155
1183     0.156
1184     0.157
1185     0.157
1186     0.157
1187     0.157
1188     0.157
1189    -0.030
1190    -1.634
1191    -0.504
1192     0.069
1193     0.145
1194     0.042
1195    -0.047
1196     0.129
1197     0.153
1198     0.156
1199     0.157
1200     0.157
1201     0.157
1202     0.157
1203     0.157
1204     0.157
1205    -0.046
1206     0.088
1207     0.149
1208     0.156
1209     0.157
1210     0.094
1211     0.080
1212     0.151
1213    -0.931
1214    -0.453
1215     0.021
1216     0.145
1217     0.154
1218     0.156
1219     0.157
1220     0.157
1221     0.157
1222    -0.046
1223     0.088
1224     0.149
1225     0.156
1226     0.157
1227     0.157
1228    -0.088
1229    -0.338
1230    -0.006
1231    -1.577
1232    -3.308
1233    -0.979
1234     0.029
1235     0.138
1236     0.152
1237     0.156
1238     0.157
1239     0.157
1240    -0.219
1241     0.098
1242     0.151
1243     0.156
1244     0.157
1245     0.157
1246     0.157
1247     0.157
1248     0.157
1249     0.157
1250     0.157
1251     0.157
1252     0.157
1253     0.157
1254     0.157
1255     0.157
1256     0.157
1257    -1.089
1258   -11.775
1259    -4.242
1260    -0.422
1261     0.079
1262     0.141
1263     0.153
1264     0.156
1265     0.157
1266     0.157
1267     0.157
1268     0.157
1269    -2.017
1270    -1.063
1271    -0.114
1272     0.133
1273     0.151
1274     0.155
1275     0.157
1276     0.157
1277     0.157
1278    -3.919
1279    -2.129
1280    -0.351
1281     0.113
1282     0.147
1283     0.154
1284     0.156
1285     0.157
1286    -1.479
1287    -1.460
1288    -0.223
1289     0.122
1290     0.149
1291     0.155
1292     0.156
1293     0.157
1294     0.157
1295     0.157
1296     0.094
1297    -0.440
1298    -0.064
1299     0.127
1300     0.152
1301     0.156
1302     0.157
1303     0.157
1304     0.157
1305     0.157
1306     0.157
1307     0.157
1308     0.157
1309     0.157
1310     0.157
1311     0.157
1312     0.157
1313     0.157
1314     0.157
1315     0.157
1316     0.157
1317     0.157
1318     0.157
1319     0.157
1320     0.157
1321     0.157
1322    -0.387
1323    -0.149
1324     0.089
1325     0.150
1326    -0.389
1327    -0.149
1328     0.089
1329     0.150
1330     0.155
1331     0.156
1332     0.157
1333     0.157
1334     0.157
1335     0.157
1336     0.157
1337     0.157
1338     0.157
1339     0.157
1340     0.157
1341     0.157
1342     0.157
1343     0.157
1344     0.045
1345    -0.047
1346     0.130
1347     0.153
1348    -0.931
1349    -0.453
1350     0.021
1351    -0.011
1352    -1.338
1353    -0.394
1354     0.084
1355     0.146
1356     0.154
1357     0.156
1358     0.157
1359     0.157
1360     0.157
1361     0.157
1362     0.157
1363     0.157
1364    -0.252
1365    -0.248
1366     0.061
1367     0.148
1368     0.154
1369     0.156
1370     0.157
1371     0.073
1372     0.004
1373     0.136
1374     0.154
1375     0.156
1376     0.157
1377     0.157
1378     0.157
1379     0.157
1380     0.073
1381     0.004
1382     0.136
1383     0.154
1384     0.156
1385     0.157
1386     0.157
1387    -0.088
1388    -0.338
1389    -0.006
1390     0.138
1391     0.154
1392     0.156
1393     0.157
1394     0.157
1395     0.157
1396     0.157
1397     0.157
1398     0.157
1399     0.157
1400     0.157
1401     0.157
1402     0.157
1403     0.089
1404     0.134
1405     0.154
1406     0.156
1407     0.157
1408    -0.333
1409    -0.833
1410    -0.168
1411     0.120
1412     0.151
1413     0.155
1414     0.157
1415     0.157
1416    -0.253
1417    -0.248
1418     0.061
1419     0.148
1420    -0.091
1421    -0.339
1422    -0.006
1423     0.138
1424     0.154
1425     0.156
1426     0.157
1427     0.157
1428     0.157
1429     0.032
1430     0.004
1431     0.145
1432     0.155
1433     0.156
1434     0.157
1435     0.157
1436     0.157
1437     0.157
1438     0.157
1439     0.157
1440     0.157
1441    -0.252
1442    -0.248
1443     0.061
1444     0.148
1445     0.098
1446     0.055
1447     0.143
1448     0.155
1449     0.156
1450     0.157
1451     0.157
1452    -4.191
1453    -2.281
1454    -0.384
1455     0.110
1456     0.147
1457     0.154
1458     0.156
1459    -0.578
1460    -1.327
1461    -0.330
1462     0.101
1463     0.148
1464     0.155
1465     0.156
1466     0.157
1467     0.157
1468     0.157
1469     0.157
1470     0.157
1471     0.148
1472     0.022
1473     0.132
1474     0.154
1475     0.156
1476     0.157
1477    -0.088
1478     0.066
1479     0.115
1480    -0.036
1481     0.129
1482     0.153
1483     0.156
1484     0.157
1485     0.157
1486     0.157
1487     0.157
1488     0.157
1489     0.157
1490     0.129
1491     0.106
1492     0.150
1493     0.156
1494     0.157
1495     0.157
1496     0.157
1497     0.157
1498     0.157
1499     0.157
1500     0.157
1501     0.157
1502     0.157
1503     0.157
1504     0.157
1505     0.157
1506     0.157
1507     0.157
1508     0.101
1509     0.055
1510     0.143
1511    -0.663
1512    -0.652
1513    -0.034
1514     0.139
1515    -0.256
1516    -0.249
1517     0.061
1518     0.148
1519     0.154
1520     0.156
1521    -0.387
1522    -0.149
1523     0.089
1524     0.150
1525     0.155
1526     0.156
1527     0.157
1528     0.157
1529     0.157
1530     0.157
1531     0.157
1532     0.157
1533     0.157
1534     0.157
1535     0.157
1536     0.157
1537     0.157
1538     0.157
1539     0.157
1540     0.157
1541     0.157
1542     0.157
1543     0.157
1544     0.157
1545     0.157
1546     0.062
1547    -0.296
1548     0.120
1549     0.153
1550     0.156
1551     0.157
1552     0.157
1553     0.157
1554     0.157
1555     0.157
1556     0.157
1557     0.157
1558     0.157
1559     0.157
1560     0.157
1561     0.157
1562     0.157
1563     0.157
1564     0.157
1565     0.157
1566     0.157
1567     0.157
1568     0.157
1569     0.157
1570     0.157
1571     0.157
1572     0.157
1573     0.157
1574     0.157
1575     0.157
1576     0.157
1577     0.157
1578     0.157
1579     0.157
1580     0.157
1581     0.157
1582     0.157
1583     0.157
1584     0.157
1585     0.157
1586    -0.456
1587    -1.080
1588    -0.249
1589     0.111
1590     0.150
1591     0.155
1592     0.156
1593     0.157
1594     0.157
1595     0.001
1596    -1.335
1597    -0.394
1598     0.084
1599     0.147
1600    -1.890
1601    -1.865
1602    -0.318
1603     0.113
1604     0.147
1605     0.154
1606     0.156
1607     0.148
1608     0.022
1609     0.132
1610     0.154
1611     0.156
1612    -0.387
1613    -0.149
1614     0.089
1615     0.150
1616     0.155
1617     0.156
1618     0.157
1619     0.157
1620     0.032
1621    -1.037
1622    -0.284
1623     0.098
1624     0.148
1625     0.155
1626     0.156
1627     0.157
1628     0.157
1629     0.157
1630    -0.088
1631    -0.338
1632    -0.006
1633     0.138
1634     0.154
1635     0.156
1636     0.157
1637     0.157
1638     0.157
1639     0.157
1640     0.073
1641    -2.170
1642    -1.083
1643    -0.117
1644     0.133
1645     0.142
1646     0.092
1647     0.147
1648     0.155
1649    -0.387
1650    -0.149
1651     0.089
1652     0.150
1653     0.155
1654     0.156
1655     0.157
1656     0.157
1657     0.157
1658     0.157
1659     0.157
1660     0.157
1661     0.157
1662     0.157
1663     0.157
1664     0.157
1665     0.157
1666     0.157
1667     0.085
1668    -0.079
1669     0.125
1670     0.152
1671     0.156
1672     0.157
1673    -0.661
1674    -0.652
1675    -0.034
1676     0.139
1677     0.153
1678     0.156
1679     0.157
1680     0.157
1681     0.157
1682     0.157
1683     0.157
1684     0.157
1685     0.157
1686     0.157
1687     0.157
1688     0.157
1689     0.157
1690     0.157
1691     0.157
1692     0.032
1693    -1.037
1694    -0.284
1695    -1.261
1696    -0.614
1697    -0.015
1698     0.141
1699     0.153
1700     0.156
1701     0.157
1702     0.157
1703     0.157
1704     0.157
1705     0.157
1706     0.157
1707    -0.387
1708    -0.149
1709     0.089
1710     0.150
1711     0.155
1712     0.156
1713     0.157
1714     0.157
1715     0.157
1716     0.157
1717     0.157
1718     0.157
1719     0.157
1720     0.157
1721     0.157
1722     0.157
1723     0.157
1724     0.157
1725     0.157
1726     0.157
1727     0.073
1728     0.004
1729     0.136
1730     0.154
1731     0.156
1732     0.157
1733     0.157
1734     0.157
1735     0.157
1736     0.157
1737     0.157
1738     0.157
1739     0.157
1740     0.157
1741     0.157
1742     0.157
1743     0.157
1744     0.157
1745     0.157
1746     0.157
1747     0.086
1748    -0.183
1749     0.129
1750     0.154
1751     0.156
1752     0.157
1753     0.157
1754     0.157
1755     0.157
1756     0.157
1757     0.157
1758     0.157
1759     0.157
1760     0.157
1761     0.157
1762     0.157
1763     0.157
1764     0.157
1765     0.157
1766     0.046
1767     0.100
1768     0.149
1769     0.156
1770     0.157
1771     0.157
1772     0.157
1773     0.157
1774     0.157
1775     0.157
1776    -0.094
1777     0.117
1778     0.153
1779     0.156
1780     0.157
1781     0.157
1782     0.157
1783    -0.282
1784    -0.223
1785     0.107
1786     0.150
1787     0.156
1788    -0.387
1789    -0.149
1790     0.089
1791     0.150
1792     0.155
1793     0.156
1794     0.157
1795     0.157
1796     0.157
1797     0.157
1798     0.157
1799     0.157
1800     0.157
1801     0.157
1802     0.157
1803     0.157
1804     0.157
1805     0.157
1806     0.157
1807     0.157
1808     0.157
1809    -3.919
1810    -2.129
1811    -0.351
1812    -0.296
1813    -0.257
1814     0.059
1815    -3.941
1816    -3.887
1817    -0.793
1818     0.071
1819     0.139
1820     0.153
1821     0.156
1822     0.032
1823    -1.037
1824    -0.284
1825     0.098
1826     0.148
1827     0.155
1828     0.156
1829     0.157
1830    -0.578
1831    -1.327
1832    -0.330
1833     0.101
1834     0.148
1835    -1.476
1836    -0.758
1837    -0.047
1838     0.139
1839     0.153
1840     0.156
1841     0.157
1842     0.157
1843     0.157
1844     0.157
1845     0.157
1846     0.109
1847    -0.070
1848     0.138
1849     0.155
1850     0.156
1851     0.157
1852     0.157
1853     0.154
1854    -0.048
1855     0.114
1856     0.116
1857     0.038
1858     0.141
1859     0.155
1860     0.156
1861     0.157
1862     0.157
1863     0.157
1864     0.157
1865     0.157
1866     0.157
1867     0.157
1868     0.157
1869     0.157
1870     0.157
1871     0.157
1872     0.157
1873     0.157
1874     0.157
1875     0.157
1876     0.157
1877     0.157
1878     0.157
1879     0.157
1880     0.157
1881     0.157
1882     0.157
1883    -0.573
1884    -1.950
1885    -0.548
1886     0.024
1887     0.144
1888     0.154
1889     0.156
1890    -0.474
1891    -0.250
1892     0.044
1893     0.146
1894     0.154
1895     0.156
1896     0.157
1897     0.157
1898     0.157
1899     0.157
1900     0.157
1901     0.157
1902    -0.178
1903    -1.547
1904    -0.445
1905     0.078
1906     0.145
1907     0.032
1908     0.111
1909     0.151
1910     0.156
1911     0.157
1912    -0.107
1913    -0.071
1914     0.127
1915     0.153
1916     0.156
1917     0.157
1918     0.157
1919     0.157
1920     0.157
1921     0.154
1922     0.028
1923     0.145
1924     0.155
1925     0.156
1926     0.157
1927     0.157
1928     0.065
1929    -0.151
1930     0.030
1931     0.021
1932     0.121
1933     0.153
1934     0.156
1935     0.157
1936     0.157
1937     0.157
1938     0.157
1939     0.157
1940     0.157
1941     0.157
1942     0.157
1943     0.157
1944     0.157
1945     0.157
1946     0.157
1947     0.157
1948     0.157
1949     0.157
1950     0.157
1951     0.157
1952     0.157
1953     0.120
1954     0.112
1955     0.151
1956     0.156
1957     0.157
1958     0.157
1959     0.157
1960     0.157
1961     0.157
1962     0.157
1963    -0.761
1964    -0.575
1965    -0.010
1966     0.141
1967     0.153
1968    -0.067
1969    -0.175
1970     0.061
1971     0.147
1972     0.154
1973     0.156
1974     0.125
1975    -0.142
1976     0.046
1977     0.142
1978     0.154
1979     0.156
1980     0.157
1981     0.157
1982    -0.558
1983    -0.688
1984    -0.048
1985     0.137
1986     0.152
1987     0.156
1988     0.157
1989     0.157
1990     0.157
1991    -0.732
1992    -1.210
1993    -0.233
1994     0.121
1995     0.149
1996     0.155
1997     0.156
1998     0.157
1999     0.157
