Year     Value
 900    -0.719
 901    -0.039
 902     0.347
 903     0.347
 904     0.347
 905     0.347
 906     0.347
 907     0.347
 908     0.347
 909     0.347
 910     0.347
 911     0.347
 912     0.347
 913    -0.128
 914    -0.058
 915     0.198
 916     0.293
 917     0.347
 918     0.347
 919     0.347
 920     0.347
 921     0.347
 922     0.347
 923     0.347
 924     0.347
 925     0.347
 926     0.347
 927     0.347
 928     0.347
 929     0.347
 930     0.347
 931     0.347
 932     0.347
 933     0.347
 934     0.347
 935     0.347
 936     0.347
 937     0.347
 938     0.347
 939    -0.337
 940    -0.236
 941     0.132
 942     0.269
 943    -0.675
 944    -0.525
 945     0.026
 946     0.231
 947     0.347
 948     0.347
 949     0.347
 950     0.347
 951     0.347
 952     0.347
 953     0.347
 954     0.347
 955     0.347
 956     0.347
 957     0.347
 958     0.347
 959     0.347
 960     0.347
 961    -0.007
 962     0.045
 963     0.236
 964     0.307
 965     0.347
 966     0.347
 967     0.347
 968     0.347
 969    -0.245
 970    -0.157
 971    -0.402
 972    -0.201
 973     0.170
 974     0.283
 975     0.347
 976     0.347
 977     0.347
 978     0.347
 979     0.347
 980     0.347
 981     0.347
 982     0.347
 983     0.347
 984     0.347
 985     0.347
 986     0.250
 987     0.265
 988     0.317
 989     0.336
 990     0.347
 991     0.347
 992     0.347
 993    -3.604
 994    -3.022
 995    -0.892
 996    -0.444
 997     0.055
 998     0.240
 999     0.308
1000     0.347
1001     0.347
1002     0.347
1003    -0.552
1004    -0.420
1005     0.065
1006     0.245
1007    -0.072
1008    -0.010
1009     0.216
1010     0.299
1011     0.347
1012     0.347
1013     0.347
1014     0.347
1015     0.347
1016     0.347
1017     0.347
1018     0.065
1019     0.107
1020     0.259
1021     0.315
1022     0.347
1023     0.347
1024    -0.043
1025     0.014
1026     0.225
1027     0.303
1028     0.347
1029     0.347
1030     0.347
1031     0.347
1032    -1.569
1033    -1.286
1034    -0.254
1035     0.129
1036     0.347
1037     0.347
1038     0.347
1039     0.106
1040     0.141
1041     0.271
1042     0.320
1043     0.347
1044     0.347
1045     0.347
1046     0.347
1047     0.258
1048     0.272
1049     0.319
1050     0.337
1051     0.347
1052     0.347
1053     0.347
1054     0.347
1055     0.347
1056     0.347
1057     0.347
1058     0.347
1059     0.347
1060     0.347
1061     0.347
1062    -0.552
1063    -0.420
1064     0.065
1065     0.245
1066    -0.039
1067     0.018
1068     0.226
1069     0.303
1070     0.347
1071     0.347
1072     0.347
1073     0.347
1074     0.347
1075     0.347
1076     0.347
1077     0.347
1078     0.347
1079     0.347
1080    -0.039
1081     0.018
1082     0.226
1083    -0.127
1084    -0.020
1085     0.212
1086     0.298
1087     0.347
1088     0.347
1089     0.347
1090     0.347
1091     0.347
1092     0.347
1093     0.347
1094     0.347
1095     0.347
1096     0.347
1097     0.347
1098     0.347
1099     0.347
1100    -0.389
1101    -0.281
1102     0.116
1103     0.263
1104     0.347
1105     0.347
1106     0.347
1107     0.347
1108     0.347
1109     0.347
1110     0.347
1111     0.347
1112     0.347
1113     0.347
1114     0.347
1115     0.347
1116    -0.051
1117     0.007
1118     0.222
1119     0.302
1120     0.347
1121     0.347
1122     0.347
1123     0.347
1124     0.347
1125     0.347
1126     0.347
1127     0.347
1128     0.347
1129     0.347
1130     0.347
1131     0.347
1132     0.347
1133     0.347
1134     0.347
1135     0.347
1136     0.347
1137     0.347
1138     0.347
1139     0.347
1140     0.347
1141     0.347
1142     0.347
1143     0.347
1144     0.347
1145     0.347
1146     0.347
1147     0.347
1148     0.347
1149     0.347
1150     0.347
1151     0.347
1152     0.347
1153     0.347
1154     0.347
1155     0.347
1156     0.347
1157     0.347
1158     0.347
1159     0.347
1160     0.347
1161     0.347
1162     0.347
1163     0.347
1164     0.347
1165     0.347
1166     0.347
1167     0.347
1168    -1.497
1169    -1.225
1170    -0.231
1171     0.137
1172     0.347
1173     0.347
1174     0.347
1175     0.347
1176     0.347
1177    -0.168
1178    -0.092
1179     0.185
1180     0.288
1181     0.347
1182     0.347
1183     0.347
1184     0.347
1185     0.347
1186     0.347
1187     0.347
1188     0.158
1189     0.186
1190    -2.313
1191    -1.892
1192    -0.469
1193     0.051
1194     0.347
1195     0.347
1196    -3.245
1197    -2.716
1198    -0.780
1199    -0.061
1200     0.347
1201     0.347
1202     0.347
1203     0.347
1204     0.347
1205     0.347
1206    -0.208
1207    -0.127
1208     0.173
1209     0.284
1210     0.347
1211     0.347
1212     0.347
1213     0.347
1214     0.347
1215     0.347
1216     0.347
1217     0.347
1218     0.347
1219     0.347
1220     0.347
1221     0.347
1222     0.347
1223     0.347
1224     0.347
1225    -0.015
1226     0.038
1227     0.233
1228    -0.805
1229    -0.600
1230    -0.001
1231    -0.703
1232    -0.441
1233     0.057
1234     0.242
1235     0.347
1236     0.347
1237     0.347
1238     0.347
1239     0.347
1240     0.347
1241     0.347
1242     0.347
1243     0.347
1244     0.347
1245     0.347
1246     0.347
1247     0.347
1248     0.347
1249     0.347
1250     0.347
1251     0.049
1252     0.093
1253     0.254
1254     0.313
1255     0.347
1256     0.347
1257     0.347
1258    -8.771
1259    -7.428
1260    -2.513
1261    -0.689
1262     0.347
1263     0.347
1264     0.347
1265     0.347
1266     0.347
1267     0.347
1268    -0.659
1269    -0.511
1270     0.031
1271     0.233
1272     0.347
1273     0.347
1274     0.347
1275     0.347
1276    -4.333
1277    -3.644
1278    -1.121
1279    -0.185
1280     0.347
1281     0.347
1282     0.347
1283     0.347
1284     0.347
1285     0.347
1286    -3.691
1287    -3.096
1288    -0.920
1289    -0.112
1290     0.347
1291     0.347
1292     0.347
1293     0.347
1294     0.347
1295     0.347
1296     0.347
1297     0.009
1298     0.059
1299     0.241
1300     0.309
1301     0.347
1302     0.347
1303     0.347
1304     0.347
1305     0.347
1306     0.347
1307     0.347
1308     0.347
1309     0.347
1310     0.347
1311     0.347
1312     0.347
1313     0.347
1314     0.347
1315     0.347
1316     0.347
1317     0.347
1318     0.347
1319     0.347
1320    -0.140
1321    -0.068
1322     0.194
1323     0.292
1324     0.347
1325    -0.156
1326    -0.082
1327     0.189
1328     0.290
1329     0.347
1330     0.347
1331    -0.241
1332    -0.154
1333     0.163
1334     0.280
1335     0.347
1336     0.347
1337     0.347
1338     0.347
1339     0.347
1340     0.347
1341    -0.072
1342    -0.010
1343     0.216
1344     0.299
1345    -2.999
1346    -2.506
1347    -0.702
1348    -0.033
1349     0.347
1350     0.347
1351     0.347
1352     0.347
1353     0.347
1354     0.347
1355     0.347
1356     0.347
1357     0.347
1358     0.347
1359     0.347
1360     0.347
1361     0.347
1362     0.347
1363     0.347
1364     0.347
1365     0.347
1366     0.347
1367     0.347
1368     0.347
1369     0.347
1370     0.347
1371     0.347
1372     0.347
1373     0.347
1374     0.347
1375     0.347
1376    -0.084
1377    -0.020
1378     0.212
1379     0.298
1380     0.347
1381     0.347
1382    -0.144
1383    -0.072
1384     0.193
1385     0.291
1386     0.347
1387     0.347
1388     0.347
1389    -0.309
1390    -0.212
1391     0.141
1392     0.272
1393     0.347
1394     0.347
1395     0.347
1396     0.347
1397     0.347
1398     0.347
1399     0.347
1400     0.347
1401     0.347
1402     0.347
1403     0.347
1404     0.347
1405     0.347
1406     0.347
1407     0.347
1408     0.347
1409     0.347
1410     0.347
1411     0.347
1412     0.347
1413     0.347
1414     0.347
1415     0.347
1416     0.347
1417     0.347
1418     0.347
1419     0.347
1420     0.347
1421     0.347
1422     0.347
1423     0.347
1424     0.347
1425     0.347
1426     0.347
1427     0.347
1428     0.347
1429     0.347
1430     0.347
1431     0.347
1432     0.347
1433     0.347
1434     0.347
1435     0.347
1436     0.347
1437     0.347
1438     0.347
1439     0.347
1440     0.347
1441     0.347
1442    -0.611
1443    -0.470
1444     0.047
1445     0.238
1446    -0.498
1447    -0.374
1448     0.082
1449     0.251
1450     0.347
1451     0.347
1452     0.347
1453    -6.048
1454    -5.106
1455    -1.659
1456    -0.380
1457     0.347
1458     0.347
1459     0.347
1460    -0.261
1461    -0.171
1462     0.156
1463     0.278
1464     0.347
1465     0.009
1466     0.059
1467     0.241
1468     0.309
1469     0.146
1470     0.175
1471     0.284
1472     0.324
1473     0.347
1474     0.347
1475     0.347
1476     0.347
1477     0.347
1478     0.347
1479     0.347
1480    -0.152
1481    -0.078
1482    -0.164
1483    -0.012
1484     0.236
1485     0.307
1486     0.347
1487     0.347
1488     0.347
1489     0.347
1490     0.347
1491     0.347
1492     0.347
1493    -0.128
1494    -0.058
1495     0.198
1496     0.293
1497     0.347
1498     0.347
1499     0.347
1500     0.347
1501     0.347
1502     0.347
1503    -0.176
1504    -0.099
1505     0.183
1506     0.288
1507     0.347
1508     0.347
1509     0.347
1510     0.347
1511     0.347
1512    -0.389
1513    -0.281
1514     0.116
1515     0.263
1516    -0.232
1517    -0.147
1518     0.165
1519    -0.013
1520     0.097
1521     0.255
1522     0.314
1523     0.347
1524     0.347
1525     0.142
1526     0.172
1527     0.283
1528     0.324
1529     0.347
1530     0.347
1531     0.347
1532     0.347
1533     0.347
1534     0.102
1535     0.138
1536     0.270
1537     0.319
1538     0.347
1539     0.347
1540     0.347
1541     0.347
1542     0.198
1543     0.220
1544     0.300
1545     0.330
1546     0.347
1547    -0.269
1548    -0.178
1549     0.154
1550     0.277
1551     0.347
1552     0.347
1553     0.347
1554    -0.273
1555    -0.181
1556     0.153
1557     0.277
1558     0.347
1559     0.347
1560     0.347
1561     0.347
1562    -0.080
1563    -0.017
1564     0.213
1565     0.299
1566     0.347
1567     0.347
1568     0.347
1569     0.347
1570     0.347
1571     0.001
1572     0.052
1573     0.238
1574     0.308
1575     0.347
1576     0.347
1577     0.347
1578     0.347
1579     0.347
1580     0.150
1581     0.179
1582     0.285
1583     0.325
1584     0.347
1585     0.347
1586     0.059
1587    -1.608
1588    -0.516
1589     0.029
1590     0.018
1591     0.134
1592     0.269
1593    -0.715
1594    -1.450
1595    -0.319
1596     0.102
1597     0.318
1598     0.347
1599     0.347
1600    -3.721
1601    -3.922
1602    -1.223
1603    -0.231
1604     0.327
1605     0.347
1606     0.347
1607     0.347
1608     0.347
1609     0.347
1610     0.347
1611    -0.285
1612    -0.192
1613     0.149
1614     0.275
1615     0.347
1616     0.347
1617     0.347
1618     0.347
1619     0.347
1620    -0.394
1621    -2.055
1622    -0.589
1623     0.003
1624     0.282
1625     0.347
1626     0.347
1627     0.347
1628     0.347
1629     0.347
1630    -0.414
1631    -0.301
1632     0.108
1633     0.261
1634     0.347
1635     0.347
1636     0.347
1637     0.347
1638     0.347
1639     0.347
1640     0.146
1641    -1.661
1642    -3.541
1643    -1.160
1644    -0.187
1645     0.252
1646     0.281
1647    -0.339
1648    -0.104
1649     0.181
1650     0.293
1651     0.347
1652     0.347
1653     0.017
1654     0.066
1655     0.243
1656     0.310
1657     0.347
1658     0.347
1659     0.347
1660     0.347
1661     0.347
1662     0.347
1663     0.347
1664     0.347
1665     0.347
1666     0.347
1667     0.259
1668    -0.605
1669    -0.113
1670     0.178
1671     0.300
1672     0.347
1673    -0.889
1674    -2.552
1675    -0.746
1676    -0.055
1677     0.285
1678     0.347
1679     0.347
1680     0.098
1681     0.134
1682     0.269
1683     0.319
1684     0.347
1685     0.347
1686     0.347
1687    -0.594
1688    -0.456
1689    -0.198
1690     0.027
1691     0.269
1692     0.319
1693    -0.435
1694    -2.187
1695    -4.205
1696    -3.055
1697    -0.840
1698    -0.058
1699     0.347
1700     0.347
1701     0.347
1702     0.347
1703    -0.072
1704    -0.010
1705     0.216
1706     0.299
1707     0.347
1708     0.347
1709     0.347
1710    -0.385
1711    -0.277
1712     0.117
1713     0.264
1714     0.347
1715     0.347
1716     0.347
1717     0.347
1718     0.347
1719     0.347
1720     0.347
1721     0.347
1722     0.347
1723     0.347
1724     0.347
1725     0.226
1726     0.244
1727     0.309
1728     0.333
1729     0.347
1730     0.347
1731    -0.035
1732     0.021
1733     0.227
1734     0.304
1735     0.347
1736     0.347
1737     0.347
1738     0.347
1739     0.192
1740    -0.706
1741    -0.118
1742     0.176
1743     0.304
1744     0.347
1745     0.347
1746     0.347
1747     0.347
1748     0.347
1749     0.347
1750     0.347
1751     0.347
1752     0.347
1753     0.347
1754     0.347
1755     0.347
1756     0.347
1757     0.347
1758     0.347
1759     0.347
1760     0.347
1761     0.347
1762     0.089
1763     0.127
1764     0.266
1765     0.318
1766     0.347
1767     0.347
1768     0.347
1769     0.150
1770     0.179
1771     0.285
1772     0.325
1773     0.347
1774     0.347
1775     0.347
1776     0.347
1777     0.347
1778     0.347
1779     0.347
1780     0.347
1781     0.347
1782     0.347
1783     0.130
1784    -0.355
1785     0.073
1786     0.246
1787     0.328
1788     0.347
1789     0.244
1790    -1.670
1791    -0.738
1792    -0.052
1793     0.227
1794     0.347
1795     0.073
1796     0.114
1797     0.261
1798     0.316
1799     0.347
1800     0.347
1801     0.347
1802     0.347
1803     0.347
1804     0.347
1805     0.347
1806     0.347
1807     0.347
1808     0.347
1809    -2.473
1810    -4.557
1811    -1.470
1812    -0.674
1813    -2.127
1814    -0.711
1815    -3.459
1816    -5.691
1817    -1.855
1818    -0.463
1819     0.252
1820     0.347
1821     0.347
1822     0.347
1823     0.347
1824     0.347
1825     0.178
1826     0.203
1827     0.294
1828     0.328
1829     0.284
1830    -0.336
1831    -1.642
1832    -2.661
1833    -0.756
1834    -0.047
1835    -2.270
1836    -1.846
1837    -0.460
1838     0.055
1839     0.347
1840     0.081
1841     0.121
1842     0.264
1843     0.189
1844     0.124
1845     0.264
1846     0.317
1847     0.343
1848     0.347
1849     0.347
1850     0.347
1851     0.347
1852     0.347
1853     0.347
1854     0.009
1855    -0.007
1856     0.217
1857     0.299
1858     0.345
1859     0.347
1860     0.347
1861    -0.112
1862    -0.217
1863     0.056
1864     0.241
1865     0.327
1866     0.347
1867     0.049
1868     0.093
1869     0.254
1870     0.313
1871     0.347
1872     0.347
1873     0.347
1874     0.347
1875     0.347
1876     0.194
1877     0.217
1878     0.299
1879     0.177
1880    -0.000
1881    -0.403
1882     0.056
1883    -0.324
1884    -3.551
1885    -1.366
1886    -0.457
1887    -0.375
1888     0.127
1889     0.266
1890     0.187
1891     0.223
1892     0.302
1893     0.331
1894     0.347
1895     0.347
1896     0.347
1897     0.347
1898     0.226
1899     0.244
1900     0.309
1901     0.333
1902     0.247
1903    -1.596
1904    -0.698
1905    -0.037
1906     0.232
1907     0.219
1908     0.177
1909     0.284
1910     0.324
1911     0.345
1912     0.176
1913    -0.208
1914     0.131
1915     0.267
1916     0.127
1917     0.172
1918     0.283
1919     0.324
1920     0.347
1921     0.347
1922     0.347
1923     0.347
1924     0.066
1925     0.052
1926     0.239
1927     0.307
1928     0.346
1929     0.347
1930     0.347
1931     0.131
1932     0.059
1933     0.241
1934     0.308
1935     0.344
1936     0.347
1937     0.118
1938     0.151
1939     0.275
1940     0.321
1941     0.347
1942     0.347
1943     0.045
1944     0.090
1945     0.252
1946     0.313
1947     0.347
1948     0.347
1949     0.347
1950     0.347
1951     0.255
1952     0.047
1953     0.230
1954     0.304
1955     0.339
1956     0.347
1957     0.347
1958     0.347
1959     0.347
1960     0.255
1961     0.123
1962     0.072
1963    -0.594
1964    -1.163
1965    -0.566
1966    -0.144
1967     0.045
1968    -0.219
1969    -0.379
1970    -0.003
1971     0.211
1972     0.267
1973     0.187
1974     0.084
1975    -0.282
1976     0.057
1977     0.241
1978     0.193
1979     0.153
1980     0.249
1981     0.244
1982    -0.725
1983    -1.247
1984    -0.293
1985     0.081
1986     0.064
1987     0.133
1988     0.188
1989     0.219
1990     0.220
1991    -0.747
1992    -2.212
1993    -0.694
1994    -0.073
1995     0.144
1996     0.210
1997     0.239
1998     0.293
1999     0.325
2000     0.346
2001     0.347
