Year     Value
1001     0.274
1002     0.274
1003     0.274
1004    -0.526
1005    -0.026
1006     0.274
1007     0.274
1008     0.274
1009     0.274
1010     0.274
1011     0.274
1012     0.274
1013     0.274
1014     0.274
1015    -2.516
1016    -0.726
1017     0.274
1018     0.274
1019     0.274
1020     0.274
1021     0.274
1022     0.274
1023     0.274
1024     0.274
1025     0.274
1026    -2.996
1027    -0.926
1028     0.274
1029     0.274
1030     0.274
1031     0.274
1032     0.274
1033     0.274
1034     0.274
1035     0.274
1036     0.274
1037     0.274
1038     0.274
1039     0.274
1040     0.274
1041     0.274
1042     0.274
1043     0.274
1044     0.274
1045     0.274
1046     0.274
1047     0.274
1048     0.274
1049     0.274
1050     0.274
1051     0.274
1052     0.274
1053     0.274
1054     0.274
1055     0.274
1056     0.274
1057     0.274
1058    -4.236
1059    -1.426
1060     0.274
1061     0.274
1062    -0.926
1063    -0.126
1064     0.274
1065     0.274
1066     0.274
1067     0.274
1068     0.274
1069     0.274
1070     0.274
1071     0.274
1072     0.274
1073     0.274
1074     0.274
1075     0.274
1076     0.274
1077     0.274
1078     0.274
1079     0.274
1080    -0.526
1081    -0.026
1082     0.274
1083     0.274
1084     0.274
1085     0.274
1086     0.274
1087     0.274
1088     0.274
1089     0.274
1090     0.274
1091     0.274
1092     0.274
1093     0.274
1094     0.274
1095     0.274
1096     0.274
1097    -1.576
1098    -0.426
1099     0.274
1100     0.274
1101     0.274
1102     0.274
1103     0.274
1104     0.274
1105     0.274
1106     0.274
1107     0.274
1108     0.274
1109     0.274
1110     0.274
1111     0.274
1112     0.274
1113     0.274
1114     0.274
1115     0.274
1116     0.274
1117     0.274
1118     0.274
1119     0.274
1120     0.274
1121     0.274
1122     0.274
1123     0.274
1124     0.274
1125     0.274
1126     0.274
1127     0.274
1128     0.274
1129     0.274
1130     0.274
1131     0.274
1132     0.274
1133     0.274
1134     0.274
1135     0.274
1136     0.274
1137     0.274
1138     0.274
1139     0.274
1140     0.274
1141     0.274
1142     0.274
1143     0.274
1144     0.274
1145     0.274
1146     0.274
1147     0.274
1148     0.274
1149     0.274
1150     0.274
1151     0.274
1152     0.274
1153     0.274
1154     0.274
1155     0.274
1156     0.274
1157     0.274
1158     0.274
1159     0.274
1160     0.274
1161     0.274
1162     0.274
1163     0.274
1164     0.274
1165     0.274
1166    -0.826
1167    -0.126
1168     0.274
1169     0.274
1170     0.274
1171     0.274
1172     0.274
1173     0.274
1174     0.274
1175    -6.666
1176    -2.326
1177    -0.726
1178     0.274
1179     0.274
1180     0.274
1181     0.274
1182     0.274
1183     0.274
1184     0.274
1185     0.274
1186     0.274
1187     0.274
1188     0.274
1189     0.274
1190     0.274
1191     0.274
1192     0.274
1193     0.274
1194    -2.146
1195    -0.626
1196     0.274
1197     0.274
1198     0.274
1199     0.274
1200     0.274
1201     0.274
1202     0.274
1203     0.274
1204     0.274
1205    -1.026
1206    -0.226
1207     0.274
1208     0.274
1209     0.274
1210     0.274
1211     0.274
1212     0.274
1213     0.274
1214     0.274
1215     0.274
1216     0.274
1217     0.274
1218     0.274
1219     0.274
1220     0.274
1221     0.274
1222     0.274
1223     0.274
1224     0.274
1225     0.274
1226     0.274
1227    -0.526
1228    -0.026
1229    -4.816
1230    -1.626
1231    -0.426
1232     0.274
1233     0.274
1234     0.274
1235     0.274
1236     0.274
1237     0.274
1238     0.274
1239     0.274
1240     0.274
1241     0.274
1242     0.274
1243     0.274
1244     0.274
1245     0.274
1246     0.274
1247     0.274
1248     0.274
1249     0.274
1250     0.274
1251     0.274
1252     0.274
1253     0.274
1254     0.274
1255     0.274
1256     0.274
1257     0.274
1258     0.274
1259   -11.546
1260    -4.126
1261    -1.326
1262     0.274
1263     0.274
1264     0.274
1265     0.274
1266     0.274
1267     0.274
1268     0.274
1269     0.274
1270     0.274
1271     0.274
1272     0.274
1273     0.274
1274     0.274
1275    -2.676
1276    -0.826
1277     0.274
1278     0.274
1279     0.274
1280     0.274
1281     0.274
1282     0.274
1283     0.274
1284     0.274
1285    -3.476
1286    -1.126
1287     0.274
1288     0.274
1289     0.274
1290     0.274
1291     0.274
1292     0.274
1293     0.274
1294     0.274
1295    -3.356
1296    -1.026
1297     0.274
1298     0.274
1299     0.274
1300     0.274
1301     0.274
1302     0.274
1303     0.274
1304     0.274
1305     0.274
1306     0.274
1307     0.274
1308     0.274
1309     0.274
1310     0.274
1311     0.274
1312     0.274
1313     0.274
1314     0.274
1315     0.274
1316     0.274
1317     0.274
1318     0.274
1319     0.274
1320     0.274
1321     0.274
1322     0.274
1323     0.274
1324     0.274
1325     0.274
1326     0.274
1327     0.274
1328     0.274
1329    -2.856
1330    -0.826
1331     0.274
1332     0.274
1333     0.274
1334     0.274
1335     0.274
1336     0.274
1337     0.274
1338     0.274
1339     0.274
1340     0.274
1341     0.274
1342     0.274
1343     0.274
1344     0.274
1345    -2.376
1346    -0.726
1347     0.274
1348     0.274
1349     0.274
1350     0.274
1351     0.274
1352     0.274
1353     0.274
1354     0.274
1355     0.274
1356     0.274
1357     0.274
1358     0.274
1359     0.274
1360     0.274
1361     0.274
1362     0.274
1363     0.274
1364     0.274
1365     0.274
1366     0.274
1367     0.274
1368     0.274
1369     0.274
1370     0.274
1371     0.274
1372     0.274
1373     0.274
1374     0.274
1375    -0.826
1376    -0.126
1377     0.274
1378     0.274
1379     0.274
1380     0.274
1381     0.274
1382     0.274
1383     0.274
1384     0.274
1385     0.274
1386     0.274
1387    -0.826
1388    -0.126
1389     0.274
1390     0.274
1391     0.274
1392     0.274
1393     0.274
1394     0.274
1395     0.274
1396     0.274
1397     0.274
1398     0.274
1399     0.274
1400     0.274
1401     0.274
1402     0.274
1403     0.274
1404     0.274
1405     0.274
1406     0.274
1407     0.274
1408     0.274
1409     0.274
1410     0.001
1411     0.082
1412     0.203
1413     0.251
1414     0.274
1415     0.274
1416     0.274
1417     0.274
1418     0.274
1419     0.274
1420     0.274
1421     0.274
1422     0.274
1423     0.274
1424     0.274
1425     0.274
1426     0.274
1427     0.274
1428     0.274
1429     0.274
1430     0.274
1431     0.274
1432     0.274
1433     0.274
1434     0.274
1435     0.085
1436     0.141
1437     0.225
1438     0.258
1439     0.274
1440     0.274
1441     0.274
1442     0.274
1443     0.274
1444    -0.040
1445     0.053
1446     0.192
1447     0.247
1448     0.274
1449     0.274
1450     0.274
1451     0.274
1452     0.274
1453    -1.578
1454    -1.030
1455    -0.206
1456    -0.249
1457     0.017
1458     0.179
1459     0.243
1460    -2.039
1461    -1.355
1462    -0.325
1463     0.077
1464     0.274
1465    -0.883
1466    -0.540
1467    -0.026
1468     0.175
1469     0.274
1470     0.274
1471     0.274
1472     0.274
1473     0.274
1474     0.274
1475     0.274
1476     0.274
1477     0.274
1478     0.274
1479     0.274
1480    -0.304
1481    -0.133
1482    -0.701
1483    -0.357
1484     0.060
1485     0.203
1486     0.274
1487     0.274
1488     0.274
1489     0.274
1490     0.274
1491     0.274
1492     0.274
1493    -0.074
1494     0.029
1495     0.184
1496     0.244
1497     0.274
1498     0.274
1499     0.274
1500     0.274
1501     0.274
1502     0.274
1503    -0.095
1504     0.014
1505     0.178
1506     0.242
1507     0.274
1508     0.274
1509     0.274
1510     0.274
1511     0.274
1512     0.274
1513     0.274
1514     0.274
1515     0.274
1516     0.274
1517     0.274
1518     0.274
1519     0.274
1520     0.274
1521     0.274
1522    -0.648
1523    -0.375
1524     0.035
1525    -0.458
1526    -0.186
1527     0.105
1528     0.218
1529     0.274
1530     0.274
1531     0.274
1532     0.274
1533     0.274
1534     0.274
1535     0.274
1536     0.274
1537     0.274
1538     0.274
1539     0.274
1540     0.274
1541     0.274
1542     0.274
1543     0.274
1544     0.274
1545     0.274
1546     0.274
1547     0.274
1548     0.274
1549     0.274
1550     0.274
1551     0.274
1552     0.274
1553     0.274
1554     0.014
1555     0.091
1556     0.207
1557     0.252
1558     0.274
1559     0.274
1560     0.274
1561     0.274
1562     0.274
1563    -0.027
1564    -0.457
1565     0.002
1566     0.174
1567     0.261
1568    -0.707
1569    -0.417
1570     0.020
1571    -0.057
1572     0.100
1573     0.210
1574     0.094
1575     0.162
1576     0.233
1577     0.260
1578     0.274
1579     0.274
1580     0.274
1581     0.274
1582     0.274
1583     0.274
1584     0.274
1585    -0.556
1586    -0.310
1587    -2.715
1588    -1.750
1589    -0.445
1590     0.037
1591     0.274
1592     0.274
1593     0.274
1594     0.274
1595     0.274
1596     0.274
1597     0.274
1598     0.274
1599     0.274
1600    -2.852
1601    -2.375
1602    -0.701
1603    -0.067
1604     0.274
1605    -0.916
1606    -0.564
1607    -0.034
1608     0.172
1609     0.274
1610     0.274
1611     0.274
1612    -0.015
1613     0.070
1614     0.199
1615     0.249
1616     0.274
1617     0.274
1618     0.274
1619     0.274
1620    -0.841
1621    -0.511
1622    -0.015
1623     0.179
1624     0.274
1625     0.274
1626     0.274
1627     0.274
1628     0.274
1629     0.274
1630     0.274
1631     0.274
1632    -0.384
1633    -0.189
1634     0.103
1635     0.033
1636     0.144
1637     0.226
1638     0.258
1639     0.274
1640    -0.450
1641    -2.796
1642    -2.598
1643    -0.783
1644    -0.105
1645     0.274
1646     0.013
1647    -0.671
1648    -0.084
1649     0.142
1650     0.252
1651     0.274
1652     0.274
1653     0.274
1654     0.274
1655     0.274
1656     0.274
1657     0.274
1658     0.274
1659     0.274
1660     0.274
1661     0.274
1662     0.274
1663     0.274
1664     0.274
1665     0.274
1666    -1.035
1667    -0.696
1668    -1.004
1669    -0.245
1670     0.104
1671     0.240
1672     0.274
1673    -0.626
1674    -1.307
1675    -0.308
1676     0.060
1677     0.255
1678     0.274
1679     0.274
1680    -0.883
1681    -0.540
1682    -0.026
1683     0.175
1684     0.274
1685     0.274
1686     0.274
1687     0.274
1688    -0.095
1689     0.014
1690     0.178
1691     0.242
1692     0.274
1693     0.079
1694    -0.656
1695    -1.836
1696    -1.488
1697    -1.383
1698    -0.896
1699    -0.161
1700     0.114
1701     0.259
1702     0.274
1703     0.274
1704     0.274
1705     0.274
1706     0.274
1707     0.274
1708     0.274
1709     0.274
1710     0.274
1711     0.274
1712     0.274
1713    -0.351
1714    -0.098
1715     0.137
1716     0.232
1717     0.274
1718     0.274
1719     0.274
1720     0.274
1721     0.274
1722     0.274
1723     0.274
1724     0.274
1725     0.274
1726     0.274
1727     0.274
1728     0.274
1729     0.274
1730     0.274
1731    -1.067
1732    -0.670
1733    -0.073
1734     0.160
1735     0.274
1736     0.274
1737     0.274
1738     0.274
1739     0.112
1740    -0.640
1741    -0.088
1742     0.141
1743     0.247
1744     0.274
1745     0.274
1746     0.274
1747     0.274
1748    -0.091
1749     0.017
1750     0.179
1751     0.243
1752     0.274
1753     0.274
1754     0.274
1755     0.274
1756     0.274
1757     0.274
1758     0.274
1759     0.274
1760     0.130
1761    -1.104
1762    -0.310
1763     0.059
1764     0.225
1765     0.274
1766     0.274
1767     0.274
1768     0.274
1769     0.274
1770     0.274
1771     0.274
1772     0.274
1773     0.274
1774     0.274
1775     0.274
1776     0.274
1777     0.274
1778     0.274
1779     0.274
1780     0.274
1781     0.274
1782     0.274
1783    -0.011
1784     0.179
1785     0.274
1786     0.274
1787     0.274
1788     0.274
1789    -1.067
1790    -0.670
1791    -0.073
1792     0.160
1793     0.020
1794     0.059
1795     0.195
1796     0.246
1797     0.274
1798     0.274
1799     0.274
1800     0.274
1801     0.274
1802     0.274
1803     0.274
1804     0.274
1805     0.274
1806     0.274
1807     0.274
1808     0.274
1809    -3.120
1810    -2.116
1811    -0.605
1812    -0.015
1813     0.274
1814     0.274
1815    -2.998
1816    -4.053
1817    -1.318
1818    -0.312
1819     0.247
1820     0.274
1821     0.274
1822     0.050
1823     0.040
1824     0.188
1825     0.242
1826     0.274
1827     0.274
1828     0.274
1829     0.201
1830    -0.425
1831    -3.148
1832    -2.036
1833    -0.561
1834     0.007
1835    -1.109
1836    -0.700
1837    -0.084
1838     0.156
1839     0.039
1840     0.109
1841     0.213
1842     0.254
1843     0.018
1844     0.094
1845     0.208
1846     0.252
1847     0.274
1848     0.274
1849     0.274
1850     0.274
1851     0.274
1852     0.229
1853    -0.577
1854    -0.260
1855     0.037
1856     0.187
1857     0.249
1858     0.274
1859     0.274
1860    -0.137
1861    -0.015
1862     0.167
1863     0.239
1864     0.274
1865     0.274
1866     0.274
1867     0.274
1868     0.274
1869     0.274
1870     0.274
1871     0.274
1872     0.274
1873     0.274
1874     0.274
1875     0.274
1876     0.274
1877     0.274
1878     0.274
1879     0.274
1880     0.274
1881     0.274
1882     0.274
1883    -0.296
1884    -2.949
1885    -1.002
1886    -0.196
1887     0.181
1888     0.274
1889     0.274
1890    -0.135
1891    -0.072
1892     0.146
1893     0.229
1894     0.274
1895     0.274
1896     0.274
1897     0.274
1898     0.274
1899     0.274
1900     0.274
1901     0.274
1902    -0.734
1903    -1.497
1904    -0.378
1905     0.034
1906     0.252
1907     0.043
1908     0.033
1909     0.185
1910     0.241
1911     0.274
1912    -0.133
1913    -0.714
1914    -0.965
1915    -0.475
1916     0.031
1917     0.200
1918     0.274
1919     0.274
1920     0.274
1921     0.274
1922     0.274
1923     0.274
1924    -0.169
1925    -0.101
1926     0.136
1927     0.226
1928     0.274
1929     0.113
1930    -0.116
1931     0.129
1932     0.221
1933     0.267
1934     0.274
1935     0.165
1936     0.197
1937     0.246
1938     0.265
1939     0.274
1940     0.274
1941     0.274
1942     0.274
1943     0.274
1944     0.274
1945     0.274
1946     0.274
1947     0.274
1948     0.274
1949     0.274
1950     0.274
1951     0.274
1952     0.274
1953     0.196
1954    -0.010
1955     0.166
1956     0.074
1957     0.100
1958     0.212
1959     0.252
1960     0.274
1961    -0.126
1962    -0.006
1963    -0.366
1964    -0.916
1965    -0.736
1966    -0.386
1967    -0.166
1968    -0.576
1969    -0.786
1970    -0.236
1971     0.074
1972     0.164
1973     0.044
1974    -0.106
1975    -0.626
1976    -0.136
1977     0.124
1978     0.054
1979     0.004
1980     0.114
1981     0.114
1982    -2.136
1983    -2.786
1984    -0.906
1985    -0.116
1986    -0.166
1987    -0.056
1988     0.074
1989     0.114
1990     0.114
1991    -1.326
1992    -3.456
1993    -1.116
1994    -0.286
1995     0.014
1996     0.094
1997     0.134
1998     0.204
1999     0.204
2000     0.274
