Year     Value
1000     0.191
1001     0.191
1002     0.191
1003     0.191
1004    -0.369
1005    -0.019
1006     0.191
1007     0.191
1008     0.191
1009     0.191
1010     0.191
1011     0.191
1012     0.191
1013     0.191
1014     0.191
1015    -1.762
1016    -0.509
1017     0.191
1018     0.191
1019     0.191
1020     0.191
1021     0.191
1022     0.191
1023     0.191
1024     0.191
1025     0.191
1026    -2.098
1027    -0.649
1028     0.191
1029     0.191
1030     0.191
1031     0.191
1032     0.191
1033     0.191
1034     0.191
1035     0.191
1036     0.191
1037     0.191
1038     0.191
1039     0.191
1040     0.191
1041     0.191
1042     0.191
1043     0.191
1044     0.191
1045     0.191
1046     0.191
1047     0.191
1048     0.191
1049     0.191
1050     0.191
1051     0.191
1052     0.191
1053     0.191
1054     0.191
1055     0.191
1056     0.191
1057     0.191
1058    -2.966
1059    -0.999
1060     0.191
1061     0.191
1062    -0.649
1063    -0.089
1064     0.191
1065     0.191
1066     0.191
1067     0.191
1068     0.191
1069     0.191
1070     0.191
1071     0.191
1072     0.191
1073     0.191
1074     0.191
1075     0.191
1076     0.191
1077     0.191
1078     0.191
1079     0.191
1080    -0.369
1081    -0.019
1082     0.191
1083     0.191
1084     0.191
1085     0.191
1086     0.191
1087     0.191
1088     0.191
1089     0.191
1090     0.191
1091     0.191
1092     0.191
1093     0.191
1094     0.191
1095     0.191
1096     0.191
1097    -1.104
1098    -0.299
1099     0.191
1100     0.191
1101     0.191
1102     0.191
1103     0.191
1104     0.191
1105     0.191
1106     0.191
1107     0.191
1108     0.191
1109     0.191
1110     0.191
1111     0.191
1112     0.191
1113     0.191
1114     0.191
1115     0.191
1116     0.191
1117     0.191
1118     0.191
1119     0.191
1120     0.191
1121     0.191
1122     0.191
1123     0.191
1124     0.191
1125     0.191
1126     0.191
1127     0.191
1128     0.191
1129     0.191
1130     0.191
1131     0.191
1132     0.191
1133     0.191
1134     0.191
1135     0.191
1136     0.191
1137     0.191
1138     0.191
1139     0.191
1140     0.191
1141     0.191
1142     0.191
1143     0.191
1144     0.191
1145     0.191
1146     0.191
1147     0.191
1148     0.191
1149     0.191
1150     0.191
1151     0.191
1152     0.191
1153     0.191
1154     0.191
1155     0.191
1156     0.191
1157     0.191
1158     0.191
1159     0.191
1160     0.191
1161     0.191
1162     0.191
1163     0.191
1164     0.191
1165     0.191
1166    -0.579
1167    -0.089
1168     0.191
1169     0.191
1170     0.191
1171     0.191
1172     0.191
1173     0.191
1174     0.191
1175    -4.667
1176    -1.629
1177    -0.509
1178     0.191
1179     0.191
1180     0.191
1181     0.191
1182     0.191
1183     0.191
1184     0.191
1185     0.191
1186     0.191
1187     0.191
1188     0.191
1189     0.191
1190     0.191
1191     0.191
1192     0.191
1193     0.191
1194    -1.503
1195    -0.439
1196     0.191
1197     0.191
1198     0.191
1199     0.191
1200     0.191
1201     0.191
1202     0.191
1203     0.191
1204     0.191
1205    -0.719
1206    -0.159
1207     0.191
1208     0.191
1209     0.191
1210     0.191
1211     0.191
1212     0.191
1213     0.191
1214     0.191
1215     0.191
1216     0.191
1217     0.191
1218     0.191
1219     0.191
1220     0.191
1221     0.191
1222     0.191
1223     0.191
1224     0.191
1225     0.191
1226     0.191
1227    -0.369
1228    -0.019
1229    -3.372
1230    -1.139
1231    -0.299
1232     0.191
1233     0.191
1234     0.191
1235     0.191
1236     0.191
1237     0.191
1238     0.191
1239     0.191
1240     0.191
1241     0.191
1242     0.191
1243     0.191
1244     0.191
1245     0.191
1246     0.191
1247     0.191
1248     0.191
1249     0.191
1250     0.191
1251     0.191
1252     0.191
1253     0.191
1254     0.191
1255     0.191
1256     0.191
1257     0.191
1258     0.191
1259    -8.083
1260    -2.889
1261    -0.929
1262     0.191
1263     0.191
1264     0.191
1265     0.191
1266     0.191
1267     0.191
1268     0.191
1269     0.191
1270     0.191
1271     0.191
1272     0.191
1273     0.191
1274     0.191
1275    -1.874
1276    -0.579
1277     0.191
1278     0.191
1279     0.191
1280     0.191
1281     0.191
1282     0.191
1283     0.191
1284     0.191
1285    -2.434
1286    -0.789
1287     0.191
1288     0.191
1289     0.191
1290     0.191
1291     0.191
1292     0.191
1293     0.191
1294     0.191
1295    -2.350
1296    -0.719
1297     0.191
1298     0.191
1299     0.191
1300     0.191
1301     0.191
1302     0.191
1303     0.191
1304     0.191
1305     0.191
1306     0.191
1307     0.191
1308     0.191
1309     0.191
1310     0.191
1311     0.191
1312     0.191
1313     0.191
1314     0.191
1315     0.191
1316     0.191
1317     0.191
1318     0.191
1319     0.191
1320     0.191
1321     0.191
1322     0.191
1323     0.191
1324     0.191
1325     0.191
1326     0.191
1327     0.191
1328     0.191
1329    -2.000
1330    -0.579
1331     0.191
1332     0.191
1333     0.191
1334     0.191
1335     0.191
1336     0.191
1337     0.191
1338     0.191
1339     0.191
1340     0.191
1341     0.191
1342     0.191
1343     0.191
1344     0.191
1345    -1.664
1346    -0.509
1347     0.191
1348     0.191
1349     0.191
1350     0.191
1351     0.191
1352     0.191
1353     0.191
1354     0.191
1355     0.191
1356     0.191
1357     0.191
1358     0.191
1359     0.191
1360     0.191
1361     0.191
1362     0.191
1363     0.191
1364     0.191
1365     0.191
1366     0.191
1367     0.191
1368     0.191
1369     0.191
1370     0.191
1371     0.191
1372     0.191
1373     0.191
1374     0.191
1375    -0.579
1376    -0.089
1377     0.191
1378     0.191
1379     0.191
1380     0.191
1381     0.191
1382     0.191
1383     0.191
1384     0.191
1385     0.191
1386     0.191
1387    -0.579
1388    -0.089
1389     0.191
1390     0.191
1391     0.191
1392     0.191
1393     0.191
1394     0.191
1395     0.191
1396     0.191
1397     0.191
1398     0.191
1399     0.191
1400     0.191
1401     0.191
1402     0.191
1403     0.191
1404     0.191
1405     0.191
1406     0.191
1407     0.191
1408    -0.509
1409    -0.089
1410     0.191
1411     0.191
1412     0.191
1413     0.191
1414     0.191
1415     0.191
1416     0.191
1417     0.191
1418     0.191
1419     0.191
1420     0.191
1421     0.191
1422     0.191
1423     0.191
1424     0.191
1425     0.191
1426     0.191
1427     0.191
1428     0.191
1429     0.191
1430     0.191
1431     0.191
1432     0.191
1433     0.191
1434    -0.299
1435     0.051
1436     0.191
1437     0.191
1438     0.191
1439     0.191
1440     0.191
1441     0.191
1442     0.191
1443     0.191
1444     0.191
1445     0.191
1446     0.191
1447     0.191
1448     0.191
1449     0.191
1450     0.191
1451     0.191
1452     0.191
1453    -2.889
1454    -0.929
1455     0.191
1456     0.191
1457     0.191
1458     0.191
1459    -2.749
1460    -2.980
1461    -0.999
1462     0.191
1463     0.191
1464     0.191
1465     0.191
1466    -0.579
1467    -0.089
1468     0.191
1469     0.191
1470     0.191
1471     0.191
1472     0.191
1473     0.191
1474     0.191
1475     0.191
1476     0.191
1477     0.191
1478     0.191
1479     0.191
1480     0.191
1481    -0.509
1482     0.191
1483    -0.789
1484     0.191
1485     0.191
1486     0.191
1487     0.191
1488     0.191
1489     0.191
1490     0.191
1491     0.191
1492     0.191
1493     0.191
1494     0.191
1495    -0.649
1496    -0.089
1497     0.191
1498     0.191
1499     0.191
1500     0.191
1501     0.191
1502     0.191
1503     0.191
1504    -0.509
1505    -0.089
1506     0.191
1507     0.191
1508     0.191
1509     0.191
1510     0.191
1511     0.191
1512     0.191
1513     0.191
1514     0.191
1515     0.191
1516     0.191
1517     0.191
1518     0.191
1519     0.191
1520     0.191
1521     0.191
1522     0.191
1523     0.191
1524     0.191
1525     0.191
1526     0.191
1527    -1.762
1528    -0.509
1529     0.191
1530     0.191
1531     0.191
1532     0.191
1533     0.191
1534     0.191
1535     0.191
1536     0.191
1537     0.191
1538     0.191
1539     0.191
1540     0.191
1541     0.191
1542     0.191
1543     0.191
1544     0.191
1545     0.191
1546     0.191
1547     0.191
1548     0.191
1549     0.191
1550     0.191
1551     0.191
1552     0.191
1553     0.191
1554     0.191
1555     0.191
1556     0.191
1557     0.191
1558     0.191
1559     0.191
1560     0.191
1561     0.191
1562     0.191
1563     0.191
1564    -1.643
1565    -0.509
1566     0.191
1567     0.191
1568     0.191
1569     0.191
1570    -0.299
1571     0.051
1572     0.191
1573     0.191
1574     0.191
1575     0.191
1576     0.191
1577     0.191
1578     0.191
1579     0.191
1580     0.191
1581     0.191
1582     0.191
1583     0.191
1584     0.191
1585     0.191
1586     0.191
1587    -2.938
1588    -2.021
1589    -0.649
1590     0.191
1591     0.191
1592     0.191
1593     0.191
1594     0.191
1595     0.191
1596     0.191
1597     0.191
1598     0.191
1599     0.191
1600     0.191
1601    -3.610
1602    -1.209
1603    -0.299
1604     0.191
1605     0.191
1606     0.191
1607     0.191
1608     0.191
1609     0.191
1610     0.191
1611     0.191
1612     0.191
1613    -1.762
1614    -0.509
1615     0.191
1616     0.191
1617     0.191
1618     0.191
1619     0.191
1620     0.191
1621     0.191
1622    -1.979
1623    -0.579
1624     0.191
1625     0.191
1626     0.191
1627     0.191
1628     0.191
1629     0.191
1630     0.191
1631     0.191
1632     0.191
1633     0.191
1634     0.191
1635     0.191
1636     0.191
1637     0.191
1638     0.191
1639     0.191
1640     0.191
1641    -3.659
1642    -1.209
1643    -0.369
1644     0.191
1645    -0.089
1646     0.121
1647     0.191
1648     0.191
1649     0.191
1650     0.191
1651     0.191
1652     0.191
1653     0.191
1654     0.191
1655     0.191
1656     0.191
1657     0.191
1658     0.191
1659     0.191
1660     0.191
1661     0.191
1662     0.191
1663     0.191
1664     0.191
1665     0.191
1666     0.191
1667    -1.503
1668    -0.439
1669     0.191
1670     0.191
1671     0.191
1672     0.191
1673     0.191
1674    -2.168
1675    -0.649
1676     0.191
1677     0.191
1678     0.191
1679     0.191
1680     0.191
1681    -1.762
1682    -0.509
1683     0.191
1684     0.191
1685     0.191
1686     0.191
1687     0.191
1688     0.191
1689    -0.334
1690     0.191
1691     0.191
1692     0.191
1693     0.191
1694     0.191
1695    -2.259
1696    -0.719
1697     0.191
1698     0.191
1699     0.191
1700     0.191
1701     0.191
1702     0.191
1703     0.191
1704     0.191
1705     0.191
1706     0.191
1707     0.191
1708     0.191
1709     0.191
1710     0.191
1711     0.191
1712     0.191
1713     0.191
1714     0.191
1715     0.191
1716     0.191
1717     0.191
1718     0.191
1719     0.191
1720     0.191
1721     0.191
1722     0.191
1723     0.191
1724     0.191
1725     0.191
1726     0.191
1727     0.191
1728     0.191
1729    -2.133
1730     0.191
1731     0.191
1732     0.191
1733     0.191
1734     0.191
1735     0.191
1736     0.191
1737     0.191
1738     0.191
1739    -0.719
1740     0.191
1741     0.191
1742     0.191
1743     0.191
1744     0.191
1745     0.191
1746     0.191
1747     0.191
1748     0.191
1749     0.191
1750     0.191
1751     0.191
1752     0.191
1753     0.191
1754     0.191
1755     0.191
1756     0.191
1757     0.191
1758     0.191
1759     0.191
1760     0.191
1761     0.191
1762     0.191
1763     0.191
1764     0.191
1765     0.191
1766     0.191
1767     0.191
1768     0.191
1769     0.191
1770     0.191
1771     0.191
1772     0.191
1773     0.191
1774     0.191
1775     0.191
1776     0.191
1777     0.191
1778     0.191
1779     0.191
1780     0.191
1781     0.191
1782     0.191
1783    -2.168
1784     0.191
1785     0.191
1786     0.191
1787     0.191
1788     0.191
1789    -0.649
1790    -0.089
1791     0.191
1792     0.191
1793     0.191
1794     0.191
1795     0.191
1796     0.191
1797     0.191
1798     0.191
1799     0.191
1800     0.191
1801     0.191
1802     0.191
1803     0.191
1804     0.191
1805     0.191
1806     0.191
1807     0.191
1808     0.191
1809    -3.659
1810    -1.209
1811    -0.369
1812     0.191
1813     0.191
1814     0.191
1815    -3.995
1816    -1.349
1817    -0.369
1818     0.191
1819     0.191
1820     0.191
1821     0.191
1822     0.191
1823     0.191
1824     0.191
1825     0.191
1826     0.191
1827     0.191
1828     0.191
1829     0.191
1830    -0.649
1831    -3.211
1832    -1.069
1833     0.191
1834     0.191
1835    -1.874
1836    -0.579
1837     0.191
1838     0.191
1839     0.191
1840    -0.509
1841    -0.089
1842     0.191
1843    -0.859
1844    -0.229
1845     0.191
1846     0.191
1847     0.191
1848     0.191
1849     0.191
1850     0.191
1851     0.191
1852     0.191
1853     0.191
1854    -0.369
1855     0.191
1856     0.191
1857     0.191
1858     0.191
1859     0.191
1860     0.191
1861     0.191
1862     0.191
1863     0.191
1864     0.191
1865     0.191
1866     0.191
1867     0.191
1868     0.191
1869     0.191
1870     0.191
1871     0.191
1872     0.191
1873     0.191
1874     0.191
1875     0.191
1876     0.191
1877     0.191
1878     0.191
1879     0.191
1880     0.191
1881     0.191
1882     0.191
1883    -2.399
1884    -0.789
1885     0.191
1886     0.191
1887     0.191
1888     0.191
1889     0.191
1890     0.191
1891     0.191
1892     0.191
1893     0.191
1894     0.191
1895     0.191
1896     0.191
1897     0.191
1898     0.191
1899     0.191
1900     0.191
1901     0.191
1902    -2.329
1903    -0.719
1904     0.191
1905     0.191
1906     0.191
1907    -0.068
1908     0.191
1909     0.191
1910     0.191
1911     0.191
1912    -1.265
1913    -0.369
1914    -0.369
1915     0.191
1916     0.191
1917     0.191
1918     0.191
1919     0.191
1920     0.191
1921     0.191
1922     0.191
1923     0.191
1924    -0.726
1925    -0.159
1926     0.191
1927     0.191
1928     0.191
1929     0.191
1930     0.191
1931     0.191
1932     0.191
1933     0.191
1934     0.191
1935     0.191
1936     0.191
1937     0.191
1938     0.191
1939     0.191
1940     0.191
1941     0.191
1942     0.191
1943     0.191
1944     0.191
1945     0.191
1946     0.191
1947     0.191
1948     0.191
1949     0.191
1950     0.191
1951     0.191
1952     0.191
1953     0.191
1954     0.191
1955     0.191
1956    -0.096
1957     0.191
1958     0.191
1959     0.191
1960     0.191
1961    -0.089
1962    -0.005
1963    -0.257
1964    -0.642
1965    -0.516
1966    -0.271
1967    -0.117
1968    -0.404
1969    -0.551
1970    -0.166
1971     0.051
1972     0.114
1973     0.030
1974    -0.075
1975    -0.439
1976    -0.096
1977     0.086
1978     0.037
1979     0.002
1980     0.079
1981     0.079
1982    -1.496
1983    -1.951
1984    -0.635
1985    -0.082
1986    -0.117
1987    -0.040
1988     0.051
1989     0.079
1990     0.079
1991    -0.929
1992    -2.420
1993    -0.782
1994    -0.201
1995     0.009
1996     0.065
1997     0.093
1998     0.142
