Year     Value
 900     0.131
 901     0.137
 902     0.130
 903     0.123
 904     0.117
 905     0.110
 906     0.103
 907     0.098
 908     0.091
 909     0.084
 910     0.089
 911     0.095
 912     0.100
 913     0.103
 914     0.108
 915     0.114
 916     0.119
 917     0.124
 918     0.130
 919     0.135
 920     0.138
 921     0.144
 922     0.149
 923     0.154
 924     0.172
 925     0.189
 926     0.207
 927     0.210
 928     0.214
 929     0.217
 930     0.221
 931     0.224
 932     0.228
 933     0.231
 934     0.235
 935     0.238
 936     0.242
 937     0.245
 938     0.249
 939     0.254
 940     0.257
 941     0.261
 942     0.264
 943     0.270
 944     0.273
 945     0.277
 946     0.277
 947     0.277
 948     0.275
 949     0.273
 950     0.270
 951     0.268
 952     0.266
 953     0.264
 954     0.261
 955     0.259
 956     0.262
 957     0.266
 958     0.271
 959     0.275
 960     0.278
 961     0.282
 962     0.287
 963     0.291
 964     0.294
 965     0.287
 966     0.278
 967     0.271
 968     0.262
 969     0.256
 970     0.247
 971     0.240
 972     0.231
 973     0.224
 974     0.219
 975     0.212
 976     0.207
 977     0.201
 978     0.194
 979     0.189
 980     0.184
 981     0.177
 982     0.172
 983     0.166
 984     0.159
 985     0.154
 986     0.152
 987     0.149
 988     0.147
 989     0.144
 990     0.142
 991     0.138
 992     0.137
 993     0.133
 994     0.131
 995     0.128
 996     0.124
 997     0.123
 998     0.119
 999     0.116
1000     0.114
1001     0.110
1002     0.107
1003     0.105
1004     0.102
1005     0.089
1006     0.075
1007     0.063
1008     0.049
1009     0.037
1010     0.023
1011     0.011
1012    -0.003
1013    -0.009
1014    -0.014
1015    -0.019
1016    -0.024
1017    -0.031
1018    -0.037
1019    -0.042
1020    -0.047
1021    -0.052
1022    -0.058
1023    -0.063
1024    -0.068
1025    -0.075
1026    -0.080
1027    -0.086
1028    -0.091
1029    -0.098
1030    -0.107
1031    -0.114
1032    -0.121
1033    -0.128
1034    -0.136
1035    -0.143
1036    -0.147
1037    -0.150
1038    -0.156
1039    -0.159
1040    -0.163
1041    -0.166
1042    -0.171
1043    -0.175
1044    -0.178
1045    -0.180
1046    -0.182
1047    -0.184
1048    -0.185
1049    -0.187
1050    -0.189
1051    -0.191
1052    -0.192
1053    -0.194
1054    -0.196
1055    -0.196
1056    -0.196
1057    -0.196
1058    -0.196
1059    -0.196
1060    -0.196
1061    -0.196
1062    -0.196
1063    -0.178
1064    -0.161
1065    -0.143
1066    -0.126
1067    -0.108
1068    -0.091
1069    -0.073
1070    -0.056
1071    -0.038
1072    -0.021
1073    -0.003
1074     0.014
1075     0.032
1076     0.042
1077     0.054
1078     0.065
1079     0.075
1080     0.086
1081     0.098
1082     0.108
1083     0.119
1084     0.124
1085     0.131
1086     0.137
1087     0.142
1088     0.149
1089     0.154
1090     0.159
1091     0.166
1092     0.172
1093     0.177
1094     0.182
1095     0.187
1096     0.194
1097     0.200
1098     0.205
1099     0.210
1100     0.215
1101     0.221
1102     0.226
1103     0.231
1104     0.238
1105     0.243
1106     0.249
1107     0.254
1108     0.259
1109     0.273
1110     0.289
1111     0.303
1112     0.317
1113     0.333
1114     0.347
1115     0.348
1116     0.350
1117     0.352
1118     0.354
1119     0.355
1120     0.357
1121     0.359
1122     0.361
1123     0.362
1124     0.364
1125     0.366
1126     0.369
1127     0.371
1128     0.373
1129     0.375
1130     0.378
1131     0.380
1132     0.382
1133     0.390
1134     0.399
1135     0.403
1136     0.408
1137     0.411
1138     0.417
1139     0.417
1140     0.417
1141     0.417
1142     0.417
1143     0.417
1144     0.417
1145     0.417
1146     0.417
1147     0.413
1148     0.410
1149     0.404
1150     0.401
1151     0.397
1152     0.394
1153     0.389
1154     0.385
1155     0.382
1156     0.373
1157     0.364
1158     0.355
1159     0.347
1160     0.338
1161     0.329
1162     0.333
1163     0.336
1164     0.340
1165     0.343
1166     0.347
1167     0.340
1168     0.334
1169     0.327
1170     0.320
1171     0.313
1172     0.306
1173     0.301
1174     0.294
1175     0.298
1176     0.299
1177     0.303
1178     0.306
1179     0.308
1180     0.312
1181     0.312
1182     0.312
1183     0.312
1184     0.312
1185     0.312
1186     0.312
1187     0.312
1188     0.312
1189     0.312
1190     0.312
1191     0.312
1192     0.320
1193     0.329
1194     0.338
1195     0.347
1196     0.355
1197     0.364
1198     0.368
1199     0.369
1200     0.373
1201     0.376
1202     0.378
1203     0.382
1204     0.380
1205     0.378
1206     0.376
1207     0.375
1208     0.373
1209     0.371
1210     0.369
1211     0.368
1212     0.366
1213     0.364
1214     0.362
1215     0.362
1216     0.361
1217     0.361
1218     0.359
1219     0.359
1220     0.357
1221     0.357
1222     0.355
1223     0.355
1224     0.354
1225     0.354
1226     0.352
1227     0.352
1228     0.350
1229     0.350
1230     0.348
1231     0.348
1232     0.347
1233     0.364
1234     0.350
1235     0.338
1236     0.326
1237     0.312
1238     0.306
1239     0.301
1240     0.296
1241     0.289
1242     0.283
1243     0.278
1244     0.273
1245     0.268
1246     0.262
1247     0.257
1248     0.252
1249     0.245
1250     0.240
1251     0.235
1252     0.229
1253     0.224
1254     0.201
1255     0.180
1256     0.159
1257     0.137
1258     0.131
1259     0.128
1260     0.123
1261     0.119
1262     0.119
1263     0.119
1264     0.119
1265     0.119
1266     0.119
1267     0.119
1268     0.119
1269     0.119
1270     0.119
1271     0.119
1272     0.119
1273     0.119
1274     0.114
1275     0.108
1276     0.103
1277     0.100
1278     0.095
1279     0.089
1280     0.084
1281     0.082
1282     0.079
1283     0.077
1284     0.074
1285     0.072
1286     0.068
1287     0.067
1288     0.065
1289     0.061
1290     0.060
1291     0.056
1292     0.054
1293     0.051
1294     0.049
1295     0.046
1296     0.044
1297     0.040
1298     0.037
1299     0.035
1300     0.032
1301     0.028
1302     0.025
1303     0.021
1304     0.018
1305     0.014
1306     0.011
1307     0.007
1308     0.004
1309     0.000
1310    -0.003
1311    -0.007
1312    -0.009
1313    -0.012
1314    -0.016
1315    -0.017
1316    -0.021
1317    -0.024
1318    -0.026
1319    -0.030
1320    -0.033
1321    -0.035
1322    -0.038
1323    -0.038
1324    -0.038
1325    -0.038
1326    -0.038
1327    -0.038
1328    -0.038
1329    -0.038
1330    -0.038
1331    -0.038
1332    -0.038
1333    -0.038
1334    -0.038
1335    -0.021
1336    -0.003
1337     0.014
1338     0.032
1339     0.049
1340     0.051
1341     0.054
1342     0.056
1343     0.060
1344     0.061
1345     0.065
1346     0.067
1347     0.068
1348     0.070
1349     0.072
1350     0.074
1351     0.075
1352     0.077
1353     0.079
1354     0.081
1355     0.082
1356     0.084
1357     0.089
1358     0.095
1359     0.100
1360     0.105
1361     0.110
1362     0.116
1363     0.121
1364     0.126
1365     0.130
1366     0.135
1367     0.140
1368     0.145
1369     0.151
1370     0.156
1371     0.161
1372     0.166
1373     0.172
1374     0.172
1375     0.172
1376     0.172
1377     0.172
1378     0.172
1379     0.172
1380     0.172
1381     0.172
1382     0.172
1383     0.172
1384     0.168
1385     0.163
1386     0.159
1387     0.154
1388     0.151
1389     0.145
1390     0.140
1391     0.137
1392     0.128
1393     0.119
1394     0.110
1395     0.102
1396     0.084
1397     0.067
1398     0.049
1399     0.032
1400     0.014
1401     0.009
1402     0.004
1403    -0.002
1404    -0.005
1405    -0.010
1406    -0.016
1407    -0.021
1408    -0.023
1409    -0.026
1410    -0.028
1411    -0.031
1412    -0.033
1413    -0.037
1414    -0.038
1415    -0.056
1416    -0.073
1417    -0.091
1418    -0.108
1419    -0.126
1420    -0.143
1421    -0.149
1422    -0.154
1423    -0.159
1424    -0.163
1425    -0.168
1426    -0.173
1427    -0.178
1428    -0.199
1429    -0.219
1430    -0.240
1431    -0.261
1432    -0.280
1433    -0.301
1434    -0.318
1435    -0.336
1436    -0.353
1437    -0.371
1438    -0.388
1439    -0.406
1440    -0.423
1441    -0.441
1442    -0.441
1443    -0.441
1444    -0.441
1445    -0.441
1446    -0.441
1447    -0.441
1448    -0.441
1449    -0.441
1450    -0.441
1451    -0.441
1452    -0.446
1453    -0.451
1454    -0.457
1455    -0.460
1456    -0.465
1457    -0.471
1458    -0.476
1459    -0.465
1460    -0.455
1461    -0.444
1462    -0.434
1463    -0.423
1464    -0.420
1465    -0.418
1466    -0.415
1467    -0.411
1468    -0.409
1469    -0.406
1470    -0.388
1471    -0.371
1472    -0.353
1473    -0.336
1474    -0.318
1475    -0.301
1476    -0.283
1477    -0.259
1478    -0.234
1479    -0.210
1480    -0.185
1481    -0.161
1482    -0.163
1483    -0.164
1484    -0.166
1485    -0.168
1486    -0.170
1487    -0.170
1488    -0.171
1489    -0.173
1490    -0.175
1491    -0.177
1492    -0.178
1493    -0.180
1494    -0.182
1495    -0.184
1496    -0.184
1497    -0.185
1498    -0.187
1499    -0.189
1500    -0.191
1501    -0.191
1502    -0.192
1503    -0.194
1504    -0.196
1505    -0.196
1506    -0.196
1507    -0.196
1508    -0.196
1509    -0.196
1510    -0.196
1511    -0.196
1512    -0.203
1513    -0.212
1514    -0.219
1515    -0.226
1516    -0.233
1517    -0.242
1518    -0.248
1519    -0.250
1520    -0.252
1521    -0.255
1522    -0.257
1523    -0.259
1524    -0.261
1525    -0.264
1526    -0.266
1527    -0.273
1528    -0.278
1529    -0.285
1530    -0.292
1531    -0.299
1532    -0.306
1533    -0.311
1534    -0.318
1535    -0.322
1536    -0.324
1537    -0.327
1538    -0.331
1539    -0.332
1540    -0.336
1541    -0.334
1542    -0.332
1543    -0.331
1544    -0.329
1545    -0.325
1546    -0.324
1547    -0.322
1548    -0.320
1549    -0.318
1550    -0.318
1551    -0.318
1552    -0.318
1553    -0.318
1554    -0.318
1555    -0.318
1556    -0.318
1557    -0.318
1558    -0.318
1559    -0.318
1560    -0.313
1561    -0.308
1562    -0.303
1563    -0.297
1564    -0.292
1565    -0.287
1566    -0.282
1567    -0.276
1568    -0.273
1569    -0.268
1570    -0.262
1571    -0.257
1572    -0.252
1573    -0.247
1574    -0.242
1575    -0.236
1576    -0.231
1577    -0.219
1578    -0.205
1579    -0.191
1580    -0.178
1581    -0.166
1582    -0.152
1583    -0.138
1584    -0.126
1585    -0.119
1586    -0.110
1587    -0.103
1588    -0.094
1589    -0.087
1590    -0.079
1591    -0.072
1592    -0.063
1593    -0.056
1594    -0.040
1595    -0.026
1596    -0.010
1597     0.004
1598     0.019
1599     0.033
1600     0.049
1601     0.051
1602     0.054
1603     0.056
1604     0.058
1605     0.060
1606     0.061
1607     0.065
1608     0.067
1609     0.070
1610     0.075
1611     0.079
1612     0.084
1613     0.087
1614     0.093
1615     0.098
1616     0.102
1617     0.105
1618     0.110
1619     0.116
1620     0.119
1621     0.123
1622     0.128
1623     0.131
1624     0.137
1625     0.138
1626     0.142
1627     0.144
1628     0.147
1629     0.149
1630     0.152
1631     0.154
1632     0.142
1633     0.130
1634     0.117
1635     0.103
1636     0.091
1637     0.079
1638     0.067
1639     0.060
1640     0.051
1641     0.044
1642     0.037
1643     0.030
1644     0.021
1645     0.014
1646     0.004
1647    -0.005
1648    -0.016
1649    -0.026
1650    -0.037
1651    -0.045
1652    -0.056
1653    -0.072
1654    -0.086
1655    -0.101
1656    -0.115
1657    -0.131
1658    -0.145
1659    -0.161
1660    -0.163
1661    -0.166
1662    -0.168
1663    -0.170
1664    -0.171
1665    -0.173
1666    -0.177
1667    -0.178
1668    -0.184
1669    -0.191
1670    -0.196
1671    -0.201
1672    -0.208
1673    -0.213
1674    -0.231
1675    -0.248
1676    -0.266
1677    -0.266
1678    -0.266
1679    -0.266
1680    -0.266
1681    -0.269
1682    -0.275
1683    -0.280
1684    -0.283
1685    -0.289
1686    -0.292
1687    -0.296
1688    -0.301
1689    -0.292
1690    -0.283
1691    -0.278
1692    -0.275
1693    -0.269
1694    -0.264
1695    -0.261
1696    -0.255
1697    -0.250
1698    -0.247
1699    -0.242
1700    -0.236
1701    -0.233
1702    -0.227
1703    -0.222
1704    -0.219
1705    -0.213
1706    -0.206
1707    -0.198
1708    -0.191
1709    -0.184
1710    -0.177
1711    -0.168
1712    -0.161
1713    -0.150
1714    -0.138
1715    -0.128
1716    -0.117
1717    -0.107
1718    -0.094
1719    -0.084
1720    -0.073
1721    -0.045
1722    -0.019
1723     0.009
1724     0.037
1725     0.065
1726     0.091
1727     0.119
1728     0.128
1729     0.137
1730     0.145
1731     0.154
1732     0.163
1733     0.172
1734     0.180
1735     0.189
1736     0.212
1737     0.233
1738     0.256
1739     0.277
1740     0.282
1741     0.285
1742     0.289
1743     0.294
1744     0.299
1745     0.303
1746     0.306
1747     0.312
1748     0.317
1749     0.320
1750     0.326
1751     0.329
1752     0.333
1753     0.338
1754     0.341
1755     0.347
1756     0.348
1757     0.352
1758     0.354
1759     0.355
1760     0.357
1761     0.361
1762     0.362
1763     0.364
1764     0.361
1765     0.355
1766     0.350
1767     0.347
1768     0.341
1769     0.338
1770     0.333
1771     0.329
1772     0.313
1773     0.298
1774     0.283
1775     0.268
1776     0.252
1777     0.238
1778     0.222
1779     0.207
1780     0.201
1781     0.198
1782     0.194
1783     0.189
1784     0.184
1785     0.180
1786     0.177
1787     0.172
1788     0.168
1789     0.165
1790     0.163
1791     0.159
1792     0.156
1793     0.152
1794     0.149
1795     0.145
1796     0.144
1797     0.140
1798     0.137
1799     0.133
1800     0.130
1801     0.128
1802     0.124
1803     0.121
1804     0.117
1805     0.114
1806     0.110
1807     0.108
1808     0.105
1809     0.102
1810     0.095
1811     0.086
1812     0.079
1813     0.072
1814     0.065
1815     0.056
1816     0.049
1817     0.044
1818     0.039
1819     0.033
1820     0.030
1821     0.025
1822     0.019
1823     0.014
1824     0.005
1825    -0.003
1826    -0.012
1827    -0.021
1828    -0.030
1829    -0.038
1830    -0.026
1831    -0.016
1832    -0.003
1833     0.009
1834     0.019
1835     0.032
1836     0.047
1837     0.061
1838     0.077
1839     0.091
1840     0.107
1841     0.121
1842     0.137
1843     0.144
1844     0.151
1845     0.156
1846     0.163
1847     0.170
1848     0.175
1849     0.182
1850     0.189
1851     0.196
1852     0.205
1853     0.212
1854     0.219
1855     0.226
1856     0.235
1857     0.242
1858     0.243
1859     0.245
1860     0.249
1861     0.250
1862     0.252
1863     0.256
1864     0.257
1865     0.259
1866     0.257
1867     0.256
1868     0.256
1869     0.254
1870     0.252
1871     0.250
1872     0.250
1873     0.249
1874     0.247
1875     0.245
1876     0.245
1877     0.243
1878     0.242
1879     0.240
1880     0.236
1881     0.235
1882     0.231
1883     0.229
1884     0.226
1885     0.224
1886     0.217
1887     0.208
1888     0.201
1889     0.194
1890     0.187
1891     0.179
1892     0.172
1893     0.170
1894     0.166
1895     0.165
1896     0.161
1897     0.159
1898     0.156
1899     0.154
1900     0.154
1901     0.154
1902     0.154
1903     0.154
1904     0.154
1905     0.154
1906     0.154
1907     0.154
1908     0.154
1909     0.154
1910     0.154
1911     0.154
1912     0.154
1913     0.161
1914     0.166
1915     0.173
1916     0.180
1917     0.187
1918     0.194
1919     0.200
1920     0.207
1921     0.215
1922     0.224
1923     0.233
1924     0.242
1925     0.250
1926     0.259
1927     0.268
1928     0.277
1929     0.282
1930     0.287
1931     0.292
1932     0.296
1933     0.301
1934     0.306
1935     0.312
1936     0.317
1937     0.324
1938     0.329
1939     0.334
1940     0.341
1941     0.347
1942     0.352
1943     0.359
1944     0.364
1945     0.361
1946     0.359
1947     0.355
1948     0.352
1949     0.350
1950     0.347
1951     0.345
1952     0.343
1953     0.341
1954     0.340
1955     0.338
1956     0.338
1957     0.336
1958     0.334
1959     0.333
1960     0.331
1961     0.329
1962     0.320
1963     0.313
1964     0.305
1965     0.298
1966     0.289
1967     0.282
1968     0.275
1969     0.266
1970     0.257
1971     0.250
1972     0.242
1973     0.235
1974     0.226
1975     0.219
1976     0.238
1977     0.256
1978     0.275
1979     0.294
1980     0.312
1981     0.331
1982     0.350
1983     0.368
1984     0.387
1985     0.406
1986     0.424
1987     0.443
1988     0.462
1989     0.480
1990     0.499
1991     0.495
1992     0.494
1993     0.490
1994     0.487
1995     0.483
1996     0.481
1997     0.478
1998     0.474
1999     0.473
