Year     Value
1000     0.058
1001     0.056
1002     0.054
1003     0.053
1004     0.052
1005     0.047
1006     0.040
1007     0.033
1008     0.027
1009     0.022
1010     0.016
1011     0.009
1012     0.002
1013    -0.000
1014    -0.003
1015    -0.006
1016    -0.010
1017    -0.013
1018    -0.016
1019    -0.019
1020    -0.022
1021    -0.024
1022    -0.027
1023    -0.031
1024    -0.034
1025    -0.038
1026    -0.040
1027    -0.044
1028    -0.046
1029    -0.049
1030    -0.053
1031    -0.056
1032    -0.060
1033    -0.063
1034    -0.066
1035    -0.069
1036    -0.070
1037    -0.073
1038    -0.074
1039    -0.076
1040    -0.078
1041    -0.080
1042    -0.081
1043    -0.083
1044    -0.085
1045    -0.086
1046    -0.087
1047    -0.088
1048    -0.089
1049    -0.090
1050    -0.091
1051    -0.094
1052    -0.095
1053    -0.095
1054    -0.096
1055    -0.095
1056    -0.095
1057    -0.095
1058    -0.095
1059    -0.095
1060    -0.094
1061    -0.094
1062    -0.093
1063    -0.084
1064    -0.076
1065    -0.068
1066    -0.059
1067    -0.051
1068    -0.043
1069    -0.035
1070    -0.026
1071    -0.019
1072    -0.011
1073    -0.001
1074     0.006
1075     0.015
1076     0.020
1077     0.025
1078     0.031
1079     0.038
1080     0.043
1081     0.049
1082     0.054
1083     0.060
1084     0.062
1085     0.064
1086     0.067
1087     0.069
1088     0.071
1089     0.073
1090     0.074
1091     0.077
1092     0.079
1093     0.082
1094     0.085
1095     0.088
1096     0.091
1097     0.093
1098     0.096
1099     0.099
1100     0.102
1101     0.105
1102     0.108
1103     0.110
1104     0.113
1105     0.116
1106     0.120
1107     0.122
1108     0.125
1109     0.132
1110     0.141
1111     0.147
1112     0.155
1113     0.163
1114     0.170
1115     0.170
1116     0.171
1117     0.171
1118     0.171
1119     0.172
1120     0.172
1121     0.173
1122     0.173
1123     0.173
1124     0.174
1125     0.175
1126     0.176
1127     0.176
1128     0.178
1129     0.179
1130     0.180
1131     0.182
1132     0.183
1133     0.186
1134     0.190
1135     0.192
1136     0.193
1137     0.195
1138     0.196
1139     0.197
1140     0.197
1141     0.198
1142     0.198
1143     0.199
1144     0.199
1145     0.200
1146     0.200
1147     0.199
1148     0.197
1149     0.195
1150     0.194
1151     0.193
1152     0.191
1153     0.189
1154     0.188
1155     0.186
1156     0.179
1157     0.176
1158     0.170
1159     0.165
1160     0.161
1161     0.155
1162     0.157
1163     0.159
1164     0.163
1165     0.165
1166     0.167
1167     0.164
1168     0.162
1169     0.158
1170     0.155
1171     0.152
1172     0.149
1173     0.146
1174     0.144
1175     0.146
1176     0.146
1177     0.147
1178     0.149
1179     0.150
1180     0.151
1181     0.151
1182     0.151
1183     0.151
1184     0.151
1185     0.151
1186     0.151
1187     0.151
1188     0.151
1189     0.151
1190     0.151
1191     0.151
1192     0.154
1193     0.157
1194     0.162
1195     0.165
1196     0.168
1197     0.170
1198     0.172
1199     0.174
1200     0.176
1201     0.178
1202     0.179
1203     0.182
1204     0.180
1205     0.179
1206     0.178
1207     0.177
1208     0.176
1209     0.175
1210     0.173
1211     0.172
1212     0.171
1213     0.170
1214     0.170
1215     0.170
1216     0.170
1217     0.170
1218     0.170
1219     0.170
1220     0.170
1221     0.170
1222     0.170
1223     0.170
1224     0.170
1225     0.170
1226     0.170
1227     0.170
1228     0.170
1229     0.170
1230     0.170
1231     0.170
1232     0.170
1233     0.174
1234     0.169
1235     0.162
1236     0.154
1237     0.147
1238     0.146
1239     0.143
1240     0.140
1241     0.137
1242     0.134
1243     0.132
1244     0.129
1245     0.126
1246     0.124
1247     0.122
1248     0.120
1249     0.116
1250     0.113
1251     0.111
1252     0.108
1253     0.106
1254     0.095
1255     0.085
1256     0.073
1257     0.064
1258     0.062
1259     0.060
1260     0.058
1261     0.056
1262     0.057
1263     0.057
1264     0.057
1265     0.058
1266     0.058
1267     0.058
1268     0.059
1269     0.059
1270     0.059
1271     0.060
1272     0.060
1273     0.060
1274     0.058
1275     0.056
1276     0.053
1277     0.051
1278     0.049
1279     0.047
1280     0.045
1281     0.044
1282     0.043
1283     0.042
1284     0.041
1285     0.040
1286     0.039
1287     0.038
1288     0.036
1289     0.033
1290     0.032
1291     0.030
1292     0.028
1293     0.027
1294     0.025
1295     0.024
1296     0.022
1297     0.020
1298     0.019
1299     0.017
1300     0.015
1301     0.012
1302     0.011
1303     0.009
1304     0.008
1305     0.006
1306     0.005
1307     0.003
1308     0.002
1309     0.001
1310    -0.000
1311    -0.002
1312    -0.003
1313    -0.005
1314    -0.007
1315    -0.009
1316    -0.011
1317    -0.012
1318    -0.014
1319    -0.016
1320    -0.017
1321    -0.019
1322    -0.020
1323    -0.020
1324    -0.020
1325    -0.019
1326    -0.019
1327    -0.019
1328    -0.018
1329    -0.018
1330    -0.018
1331    -0.017
1332    -0.017
1333    -0.017
1334    -0.016
1335    -0.007
1336     0.001
1337     0.009
1338     0.018
1339     0.025
1340     0.026
1341     0.026
1342     0.027
1343     0.027
1344     0.028
1345     0.028
1346     0.029
1347     0.030
1348     0.032
1349     0.033
1350     0.036
1351     0.038
1352     0.039
1353     0.041
1354     0.042
1355     0.044
1356     0.045
1357     0.047
1358     0.049
1359     0.051
1360     0.053
1361     0.056
1362     0.058
1363     0.061
1364     0.063
1365     0.065
1366     0.067
1367     0.070
1368     0.072
1369     0.073
1370     0.075
1371     0.078
1372     0.081
1373     0.083
1374     0.083
1375     0.082
1376     0.082
1377     0.081
1378     0.081
1379     0.081
1380     0.080
1381     0.080
1382     0.080
1383     0.079
1384     0.078
1385     0.075
1386     0.074
1387     0.073
1388     0.072
1389     0.071
1390     0.069
1391     0.068
1392     0.063
1393     0.058
1394     0.052
1395     0.048
1396     0.041
1397     0.031
1398     0.023
1399     0.014
1400     0.006
1401     0.004
1402     0.002
1403     0.001
1404    -0.001
1405    -0.004
1406    -0.006
1407    -0.009
1408    -0.011
1409    -0.012
1410    -0.014
1411    -0.015
1412    -0.017
1413    -0.019
1414    -0.020
1415    -0.027
1416    -0.035
1417    -0.043
1418    -0.051
1419    -0.058
1420    -0.066
1421    -0.068
1422    -0.070
1423    -0.072
1424    -0.074
1425    -0.076
1426    -0.079
1427    -0.081
1428    -0.091
1429    -0.101
1430    -0.111
1431    -0.121
1432    -0.131
1433    -0.142
1434    -0.149
1435    -0.158
1436    -0.166
1437    -0.174
1438    -0.183
1439    -0.190
1440    -0.199
1441    -0.207
1442    -0.208
1443    -0.210
1444    -0.211
1445    -0.213
1446    -0.214
1447    -0.214
1448    -0.213
1449    -0.212
1450    -0.211
1451    -0.210
1452    -0.213
1453    -0.214
1454    -0.216
1455    -0.219
1456    -0.221
1457    -0.223
1458    -0.226
1459    -0.222
1460    -0.217
1461    -0.214
1462    -0.210
1463    -0.207
1464    -0.204
1465    -0.202
1466    -0.199
1467    -0.196
1468    -0.193
1469    -0.191
1470    -0.183
1471    -0.174
1472    -0.166
1473    -0.159
1474    -0.150
1475    -0.142
1476    -0.135
1477    -0.122
1478    -0.111
1479    -0.100
1480    -0.088
1481    -0.077
1482    -0.078
1483    -0.079
1484    -0.080
1485    -0.081
1486    -0.082
1487    -0.083
1488    -0.084
1489    -0.085
1490    -0.086
1491    -0.087
1492    -0.088
1493    -0.089
1494    -0.090
1495    -0.090
1496    -0.091
1497    -0.093
1498    -0.093
1499    -0.094
1500    -0.094
1501    -0.095
1502    -0.095
1503    -0.095
1504    -0.096
1505    -0.095
1506    -0.095
1507    -0.095
1508    -0.095
1509    -0.094
1510    -0.094
1511    -0.093
1512    -0.095
1513    -0.099
1514    -0.102
1515    -0.105
1516    -0.108
1517    -0.112
1518    -0.116
1519    -0.117
1520    -0.119
1521    -0.119
1522    -0.121
1523    -0.122
1524    -0.123
1525    -0.125
1526    -0.126
1527    -0.129
1528    -0.132
1529    -0.136
1530    -0.139
1531    -0.141
1532    -0.143
1533    -0.146
1534    -0.149
1535    -0.151
1536    -0.153
1537    -0.156
1538    -0.157
1539    -0.159
1540    -0.161
1541    -0.160
1542    -0.159
1543    -0.157
1544    -0.156
1545    -0.154
1546    -0.153
1547    -0.151
1548    -0.150
1549    -0.149
1550    -0.149
1551    -0.149
1552    -0.149
1553    -0.149
1554    -0.149
1555    -0.149
1556    -0.149
1557    -0.149
1558    -0.149
1559    -0.149
1560    -0.147
1561    -0.144
1562    -0.142
1563    -0.141
1564    -0.139
1565    -0.137
1566    -0.133
1567    -0.131
1568    -0.129
1569    -0.127
1570    -0.124
1571    -0.122
1572    -0.120
1573    -0.119
1574    -0.117
1575    -0.114
1576    -0.111
1577    -0.105
1578    -0.099
1579    -0.094
1580    -0.086
1581    -0.080
1582    -0.074
1583    -0.068
1584    -0.062
1585    -0.058
1586    -0.053
1587    -0.048
1588    -0.045
1589    -0.041
1590    -0.037
1591    -0.032
1592    -0.027
1593    -0.023
1594    -0.018
1595    -0.011
1596    -0.004
1597     0.002
1598     0.008
1599     0.016
1600     0.022
1601     0.024
1602     0.025
1603     0.026
1604     0.027
1605     0.028
1606     0.030
1607     0.031
1608     0.033
1609     0.036
1610     0.038
1611     0.040
1612     0.042
1613     0.044
1614     0.047
1615     0.049
1616     0.050
1617     0.052
1618     0.054
1619     0.057
1620     0.059
1621     0.061
1622     0.064
1623     0.066
1624     0.068
1625     0.069
1626     0.070
1627     0.071
1628     0.072
1629     0.073
1630     0.073
1631     0.074
1632     0.069
1633     0.062
1634     0.056
1635     0.049
1636     0.043
1637     0.036
1638     0.029
1639     0.026
1640     0.023
1641     0.020
1642     0.017
1643     0.014
1644     0.009
1645     0.006
1646     0.002
1647    -0.002
1648    -0.007
1649    -0.013
1650    -0.018
1651    -0.022
1652    -0.027
1653    -0.035
1654    -0.043
1655    -0.051
1656    -0.058
1657    -0.066
1658    -0.073
1659    -0.081
1660    -0.081
1661    -0.082
1662    -0.082
1663    -0.083
1664    -0.083
1665    -0.084
1666    -0.084
1667    -0.085
1668    -0.087
1669    -0.090
1670    -0.093
1671    -0.095
1672    -0.097
1673    -0.100
1674    -0.110
1675    -0.121
1676    -0.130
1677    -0.129
1678    -0.128
1679    -0.127
1680    -0.126
1681    -0.129
1682    -0.131
1683    -0.133
1684    -0.137
1685    -0.139
1686    -0.142
1687    -0.143
1688    -0.145
1689    -0.139
1690    -0.135
1691    -0.132
1692    -0.130
1693    -0.128
1694    -0.126
1695    -0.124
1696    -0.122
1697    -0.120
1698    -0.119
1699    -0.117
1700    -0.115
1701    -0.112
1702    -0.110
1703    -0.108
1704    -0.106
1705    -0.103
1706    -0.099
1707    -0.095
1708    -0.091
1709    -0.086
1710    -0.082
1711    -0.078
1712    -0.073
1713    -0.068
1714    -0.063
1715    -0.058
1716    -0.052
1717    -0.046
1718    -0.042
1719    -0.037
1720    -0.032
1721    -0.033
1722    -0.033
1723    -0.034
1724    -0.016
1725    -0.012
1726     0.024
1727     0.021
1728     0.036
1729     0.011
1730     0.071
1731     0.047
1732     0.012
1733    -0.001
1734    -0.001
1735     0.021
1736     0.060
1737     0.024
1738     0.017
1739     0.067
1740     0.074
1741     0.083
1742     0.056
1743     0.057
1744     0.061
1745     0.074
1746     0.069
1747     0.074
1748     0.203
1749     0.167
1750     0.171
1751     0.136
1752     0.124
1753     0.107
1754     0.086
1755     0.074
1756     0.072
1757     0.083
1758     0.096
1759     0.106
1760     0.098
1761     0.111
1762     0.100
1763     0.090
1764     0.087
1765     0.071
1766     0.073
1767     0.112
1768     0.149
1769     0.179
1770     0.185
1771     0.174
1772     0.163
1773     0.134
1774     0.128
1775     0.106
1776     0.117
1777     0.141
1778     0.198
1779     0.193
1780     0.159
1781     0.177
1782     0.137
1783     0.125
1784     0.109
1785     0.126
1786     0.189
1787     0.224
1788     0.218
1789     0.215
1790     0.197
1791     0.169
1792     0.163
1793     0.135
1794     0.128
1795     0.101
1796     0.086
1797     0.066
1798     0.049
1799     0.037
1800     0.033
1801     0.066
1802     0.039
1803     0.001
1804    -0.005
1805    -0.011
1806    -0.037
1807    -0.049
1808    -0.056
1809    -0.062
1810    -0.066
1811    -0.067
1812    -0.063
1813    -0.059
1814    -0.058
1815    -0.051
1816    -0.028
1817    -0.028
1818    -0.032
1819    -0.030
1820    -0.035
1821    -0.035
1822    -0.031
1823    -0.025
1824    -0.014
1825     0.005
1826     0.029
1827     0.056
1828     0.080
1829     0.093
1830     0.110
1831     0.098
1832     0.092
1833     0.088
1834     0.104
1835     0.153
1836     0.218
1837     0.234
1838     0.208
1839     0.198
1840     0.184
1841     0.159
1842     0.147
1843     0.132
1844     0.130
1845     0.143
1846     0.149
1847     0.165
1848     0.189
1849     0.185
1850     0.148
1851     0.149
1852     0.140
1853     0.122
1854     0.099
1855     0.084
1856     0.084
1857     0.102
1858     0.133
1859     0.175
1860     0.186
1861     0.169
1862     0.146
1863     0.138
1864     0.131
1865     0.115
1866     0.106
1867     0.098
1868     0.122
1869     0.157
1870     0.197
1871     0.186
1872     0.175
1873     0.141
1874     0.115
1875     0.081
1876     0.074
1877     0.072
1878     0.054
1879     0.054
1880     0.072
1881     0.096
1882     0.082
1883     0.064
1884     0.075
1885     0.071
1886     0.053
1887     0.049
1888     0.047
1889     0.051
1890     0.057
1891     0.089
1892     0.120
1893     0.122
1894     0.126
1895     0.124
1896     0.115
1897     0.082
1898     0.088
1899     0.078
1900     0.070
1901     0.053
1902     0.049
1903     0.068
1904     0.089
1905     0.063
1906     0.083
1907     0.071
1908     0.079
1909     0.074
1910     0.063
1911     0.061
1912     0.068
1913     0.078
1914     0.090
1915     0.138
1916     0.165
1917     0.196
1918     0.193
1919     0.162
1920     0.146
1921     0.134
1922     0.121
1923     0.119
1924     0.119
1925     0.128
1926     0.131
1927     0.155
1928     0.142
1929     0.128
1930     0.135
1931     0.131
1932     0.126
1933     0.126
1934     0.146
1935     0.173
1936     0.232
1937     0.230
1938     0.234
1939     0.233
1940     0.242
1941     0.238
1942     0.226
1943     0.209
1944     0.216
1945     0.245
1946     0.255
1947     0.308
1948     0.340
1949     0.321
1950     0.299
1951     0.278
1952     0.269
1953     0.257
1954     0.254
1955     0.289
1956     0.364
1957     0.409
1958     0.395
1959     0.352
1960     0.359
1961     0.318
1962     0.289
1963     0.273
1964     0.248
1965     0.241
1966     0.262
1967     0.274
1968     0.284
1969     0.284
1970     0.263
1971     0.235
1972     0.248
1973     0.222
1974     0.227
1975     0.211
1976     0.213
1977     0.249
1978     0.335
1979     0.421
1980     0.428
1981     0.398
1982     0.353
1983     0.337
1984     0.296
1985     0.277
1986     0.271
1987     0.299
1988     0.385
1989     0.439
1990     0.434
1991     0.410
1992     0.369
1993     0.327
1994     0.291
1995     0.285
1996     0.274
1997     0.289
1998     0.337
