Year     Value
1001     0.172
1002     0.169
1003     0.166
1004     0.163
1005     0.150
1006     0.137
1007     0.124
1008     0.111
1009     0.098
1010     0.084
1011     0.071
1012     0.058
1013     0.053
1014     0.047
1015     0.042
1016     0.036
1017     0.031
1018     0.025
1019     0.020
1020     0.014
1021     0.009
1022     0.003
1023    -0.002
1024    -0.007
1025    -0.013
1026    -0.018
1027    -0.024
1028    -0.029
1029    -0.037
1030    -0.044
1031    -0.052
1032    -0.059
1033    -0.067
1034    -0.074
1035    -0.082
1036    -0.086
1037    -0.090
1038    -0.093
1039    -0.097
1040    -0.101
1041    -0.105
1042    -0.109
1043    -0.113
1044    -0.117
1045    -0.119
1046    -0.120
1047    -0.122
1048    -0.124
1049    -0.126
1050    -0.127
1051    -0.129
1052    -0.131
1053    -0.133
1054    -0.134
1055    -0.134
1056    -0.134
1057    -0.134
1058    -0.134
1059    -0.134
1060    -0.134
1061    -0.134
1062    -0.134
1063    -0.117
1064    -0.099
1065    -0.082
1066    -0.064
1067    -0.047
1068    -0.029
1069    -0.012
1070     0.006
1071     0.023
1072     0.041
1073     0.058
1074     0.076
1075     0.093
1076     0.104
1077     0.115
1078     0.126
1079     0.137
1080     0.148
1081     0.159
1082     0.170
1083     0.181
1084     0.187
1085     0.192
1086     0.198
1087     0.204
1088     0.210
1089     0.216
1090     0.222
1091     0.227
1092     0.233
1093     0.239
1094     0.244
1095     0.250
1096     0.255
1097     0.261
1098     0.266
1099     0.271
1100     0.277
1101     0.282
1102     0.288
1103     0.293
1104     0.299
1105     0.304
1106     0.310
1107     0.315
1108     0.321
1109     0.335
1110     0.350
1111     0.364
1112     0.379
1113     0.394
1114     0.408
1115     0.410
1116     0.412
1117     0.413
1118     0.415
1119     0.417
1120     0.419
1121     0.420
1122     0.422
1123     0.424
1124     0.426
1125     0.428
1126     0.430
1127     0.432
1128     0.434
1129     0.437
1130     0.439
1131     0.441
1132     0.443
1133     0.452
1134     0.461
1135     0.465
1136     0.469
1137     0.474
1138     0.478
1139     0.478
1140     0.478
1141     0.478
1142     0.478
1143     0.478
1144     0.478
1145     0.478
1146     0.478
1147     0.474
1148     0.470
1149     0.467
1150     0.463
1151     0.459
1152     0.455
1153     0.451
1154     0.447
1155     0.443
1156     0.434
1157     0.426
1158     0.417
1159     0.408
1160     0.399
1161     0.391
1162     0.394
1163     0.398
1164     0.401
1165     0.405
1166     0.408
1167     0.402
1168     0.395
1169     0.388
1170     0.382
1171     0.375
1172     0.369
1173     0.362
1174     0.356
1175     0.359
1176     0.362
1177     0.364
1178     0.367
1179     0.370
1180     0.373
1181     0.373
1182     0.373
1183     0.373
1184     0.373
1185     0.373
1186     0.373
1187     0.373
1188     0.373
1189     0.373
1190     0.373
1191     0.373
1192     0.382
1193     0.391
1194     0.399
1195     0.408
1196     0.417
1197     0.426
1198     0.429
1199     0.432
1200     0.434
1201     0.437
1202     0.440
1203     0.443
1204     0.441
1205     0.440
1206     0.438
1207     0.436
1208     0.434
1209     0.433
1210     0.431
1211     0.429
1212     0.427
1213     0.426
1214     0.425
1215     0.424
1216     0.423
1217     0.422
1218     0.421
1219     0.420
1220     0.419
1221     0.418
1222     0.417
1223     0.416
1224     0.416
1225     0.415
1226     0.414
1227     0.413
1228     0.412
1229     0.411
1230     0.410
1231     0.409
1232     0.408
1233     0.426
1234     0.413
1235     0.399
1236     0.386
1237     0.373
1238     0.368
1239     0.362
1240     0.357
1241     0.351
1242     0.346
1243     0.340
1244     0.335
1245     0.329
1246     0.324
1247     0.318
1248     0.313
1249     0.308
1250     0.302
1251     0.297
1252     0.291
1253     0.286
1254     0.264
1255     0.242
1256     0.220
1257     0.198
1258     0.194
1259     0.189
1260     0.185
1261     0.181
1262     0.181
1263     0.181
1264     0.181
1265     0.181
1266     0.181
1267     0.181
1268     0.181
1269     0.181
1270     0.181
1271     0.181
1272     0.181
1273     0.181
1274     0.176
1275     0.171
1276     0.166
1277     0.161
1278     0.156
1279     0.151
1280     0.146
1281     0.143
1282     0.141
1283     0.138
1284     0.136
1285     0.133
1286     0.131
1287     0.128
1288     0.126
1289     0.123
1290     0.121
1291     0.118
1292     0.116
1293     0.113
1294     0.111
1295     0.108
1296     0.105
1297     0.102
1298     0.099
1299     0.096
1300     0.093
1301     0.090
1302     0.086
1303     0.083
1304     0.079
1305     0.076
1306     0.072
1307     0.069
1308     0.065
1309     0.062
1310     0.058
1311     0.055
1312     0.052
1313     0.049
1314     0.047
1315     0.044
1316     0.041
1317     0.038
1318     0.035
1319     0.032
1320     0.029
1321     0.026
1322     0.023
1323     0.023
1324     0.023
1325     0.023
1326     0.023
1327     0.023
1328     0.023
1329     0.023
1330     0.023
1331     0.023
1332     0.023
1333     0.023
1334     0.023
1335     0.041
1336     0.058
1337     0.076
1338     0.093
1339     0.111
1340     0.113
1341     0.116
1342     0.118
1343     0.121
1344     0.123
1345     0.126
1346     0.128
1347     0.130
1348     0.132
1349     0.133
1350     0.135
1351     0.137
1352     0.139
1353     0.140
1354     0.142
1355     0.144
1356     0.146
1357     0.151
1358     0.156
1359     0.161
1360     0.166
1361     0.171
1362     0.177
1363     0.182
1364     0.187
1365     0.192
1366     0.197
1367     0.202
1368     0.207
1369     0.213
1370     0.218
1371     0.223
1372     0.228
1373     0.233
1374     0.233
1375     0.233
1376     0.233
1377     0.233
1378     0.233
1379     0.233
1380     0.233
1381     0.233
1382     0.233
1383     0.233
1384     0.229
1385     0.224
1386     0.220
1387     0.216
1388     0.211
1389     0.207
1390     0.203
1391     0.198
1392     0.189
1393     0.181
1394     0.172
1395     0.163
1396     0.146
1397     0.128
1398     0.111
1399     0.093
1400     0.076
1401     0.071
1402     0.066
1403     0.061
1404     0.056
1405     0.051
1406     0.046
1407     0.041
1408     0.038
1409     0.036
1410     0.033
1411     0.031
1412     0.028
1413     0.026
1414     0.023
1415     0.006
1416    -0.012
1417    -0.029
1418    -0.047
1419    -0.064
1420    -0.082
1421    -0.087
1422    -0.092
1423    -0.097
1424    -0.102
1425    -0.107
1426    -0.112
1427    -0.117
1428    -0.137
1429    -0.158
1430    -0.178
1431    -0.198
1432    -0.219
1433    -0.239
1434    -0.257
1435    -0.274
1436    -0.292
1437    -0.309
1438    -0.327
1439    -0.344
1440    -0.362
1441    -0.379
1442    -0.379
1443    -0.379
1444    -0.379
1445    -0.379
1446    -0.379
1447    -0.379
1448    -0.379
1449    -0.379
1450    -0.379
1451    -0.379
1452    -0.384
1453    -0.389
1454    -0.394
1455    -0.399
1456    -0.404
1457    -0.409
1458    -0.414
1459    -0.404
1460    -0.393
1461    -0.383
1462    -0.372
1463    -0.362
1464    -0.359
1465    -0.356
1466    -0.353
1467    -0.350
1468    -0.347
1469    -0.344
1470    -0.327
1471    -0.309
1472    -0.292
1473    -0.274
1474    -0.257
1475    -0.239
1476    -0.222
1477    -0.197
1478    -0.173
1479    -0.148
1480    -0.124
1481    -0.099
1482    -0.101
1483    -0.103
1484    -0.104
1485    -0.106
1486    -0.107
1487    -0.109
1488    -0.110
1489    -0.112
1490    -0.114
1491    -0.115
1492    -0.117
1493    -0.118
1494    -0.120
1495    -0.121
1496    -0.123
1497    -0.124
1498    -0.126
1499    -0.127
1500    -0.129
1501    -0.130
1502    -0.131
1503    -0.133
1504    -0.134
1505    -0.134
1506    -0.134
1507    -0.134
1508    -0.134
1509    -0.134
1510    -0.134
1511    -0.134
1512    -0.142
1513    -0.149
1514    -0.157
1515    -0.164
1516    -0.172
1517    -0.179
1518    -0.187
1519    -0.189
1520    -0.191
1521    -0.193
1522    -0.196
1523    -0.198
1524    -0.200
1525    -0.202
1526    -0.204
1527    -0.211
1528    -0.217
1529    -0.224
1530    -0.231
1531    -0.237
1532    -0.244
1533    -0.250
1534    -0.257
1535    -0.260
1536    -0.263
1537    -0.266
1538    -0.268
1539    -0.271
1540    -0.274
1541    -0.272
1542    -0.270
1543    -0.268
1544    -0.267
1545    -0.265
1546    -0.263
1547    -0.261
1548    -0.259
1549    -0.257
1550    -0.257
1551    -0.257
1552    -0.257
1553    -0.257
1554    -0.257
1555    -0.257
1556    -0.257
1557    -0.257
1558    -0.257
1559    -0.257
1560    -0.252
1561    -0.247
1562    -0.241
1563    -0.236
1564    -0.231
1565    -0.226
1566    -0.221
1567    -0.216
1568    -0.211
1569    -0.205
1570    -0.200
1571    -0.195
1572    -0.190
1573    -0.185
1574    -0.180
1575    -0.174
1576    -0.169
1577    -0.156
1578    -0.143
1579    -0.130
1580    -0.117
1581    -0.104
1582    -0.091
1583    -0.077
1584    -0.064
1585    -0.057
1586    -0.049
1587    -0.041
1588    -0.033
1589    -0.025
1590    -0.018
1591    -0.010
1592    -0.002
1593     0.006
1594     0.021
1595     0.036
1596     0.051
1597     0.066
1598     0.081
1599     0.096
1600     0.111
1601     0.113
1602     0.115
1603     0.117
1604     0.119
1605     0.122
1606     0.124
1607     0.126
1608     0.128
1609     0.133
1610     0.137
1611     0.144
1612     0.184
1613     0.178
1614     0.184
1615     0.189
1616     0.099
1617     0.064
1618     0.050
1619     0.054
1620     0.041
1621     0.027
1622     0.015
1623     0.003
1624    -0.013
1625     0.024
1626    -0.001
1627    -0.015
1628    -0.002
1629    -0.001
1630    -0.001
1631    -0.000
1632     0.006
1633     0.057
1634     0.042
1635     0.058
1636     0.088
1637     0.119
1638     0.149
1639     0.158
1640     0.069
1641     0.077
1642     0.086
1643     0.027
1644    -0.001
1645    -0.039
1646    -0.061
1647    -0.082
1648    -0.102
1649    -0.119
1650    -0.133
1651    -0.133
1652    -0.128
1653    -0.133
1654    -0.133
1655    -0.133
1656    -0.134
1657    -0.134
1658    -0.134
1659    -0.134
1660    -0.132
1661    -0.132
1662    -0.131
1663    -0.130
1664    -0.130
1665    -0.130
1666    -0.130
1667    -0.130
1668    -0.131
1669    -0.132
1670    -0.132
1671    -0.132
1672    -0.133
1673    -0.135
1674    -0.135
1675    -0.135
1676    -0.132
1677    -0.135
1678    -0.135
1679    -0.135
1680    -0.134
1681    -0.134
1682    -0.134
1683    -0.134
1684    -0.132
1685    -0.134
1686    -0.134
1687    -0.135
1688    -0.134
1689    -0.134
1690    -0.136
1691    -0.136
1692    -0.136
1693    -0.136
1694    -0.136
1695    -0.135
1696    -0.135
1697    -0.134
1698    -0.133
1699    -0.132
1700    -0.131
1701    -0.129
1702    -0.128
1703    -0.124
1704    -0.119
1705    -0.115
1706    -0.117
1707    -0.112
1708    -0.113
1709    -0.112
1710    -0.110
1711    -0.108
1712    -0.104
1713    -0.100
1714    -0.096
1715    -0.086
1716    -0.073
1717    -0.054
1718    -0.057
1719    -0.035
1720    -0.037
1721    -0.024
1722    -0.024
1723    -0.025
1724    -0.003
1725     0.003
1726     0.046
1727     0.043
1728     0.062
1729     0.032
1730     0.105
1731     0.068
1732     0.032
1733     0.015
1734     0.015
1735     0.042
1736     0.092
1737     0.046
1738     0.037
1739     0.100
1740     0.110
1741     0.121
1742     0.087
1743     0.087
1744     0.092
1745     0.097
1746     0.102
1747     0.186
1748     0.270
1749     0.225
1750     0.231
1751     0.187
1752     0.171
1753     0.150
1754     0.124
1755     0.111
1756     0.106
1757     0.120
1758     0.136
1759     0.149
1760     0.138
1761     0.156
1762     0.142
1763     0.129
1764     0.125
1765     0.106
1766     0.108
1767     0.156
1768     0.203
1769     0.241
1770     0.248
1771     0.234
1772     0.220
1773     0.184
1774     0.176
1775     0.150
1776     0.163
1777     0.192
1778     0.265
1779     0.258
1780     0.216
1781     0.239
1782     0.188
1783     0.173
1784     0.153
1785     0.174
1786     0.252
1787     0.296
1788     0.290
1789     0.285
1790     0.264
1791     0.227
1792     0.219
1793     0.186
1794     0.177
1795     0.143
1796     0.125
1797     0.099
1798     0.078
1799     0.062
1800     0.058
1801     0.099
1802     0.066
1803     0.018
1804     0.010
1805     0.004
1806    -0.029
1807    -0.045
1808    -0.053
1809    -0.060
1810    -0.065
1811    -0.067
1812    -0.062
1813    -0.057
1814    -0.056
1815    -0.047
1816    -0.020
1817    -0.019
1818    -0.023
1819    -0.020
1820    -0.027
1821    -0.027
1822    -0.021
1823    -0.015
1824     0.000
1825     0.024
1826     0.054
1827     0.086
1828     0.116
1829     0.133
1830     0.154
1831     0.139
1832     0.131
1833     0.126
1834     0.147
1835     0.208
1836     0.290
1837     0.309
1838     0.277
1839     0.266
1840     0.246
1841     0.215
1842     0.201
1843     0.182
1844     0.179
1845     0.194
1846     0.203
1847     0.222
1848     0.252
1849     0.248
1850     0.202
1851     0.204
1852     0.191
1853     0.168
1854     0.140
1855     0.122
1856     0.121
1857     0.145
1858     0.184
1859     0.237
1860     0.249
1861     0.229
1862     0.199
1863     0.189
1864     0.181
1865     0.161
1866     0.150
1867     0.138
1868     0.168
1869     0.214
1870     0.264
1871     0.248
1872     0.236
1873     0.192
1874     0.160
1875     0.118
1876     0.110
1877     0.106
1878     0.085
1879     0.085
1880     0.106
1881     0.136
1882     0.119
1883     0.097
1884     0.111
1885     0.105
1886     0.083
1887     0.077
1888     0.075
1889     0.082
1890     0.088
1891     0.127
1892     0.165
1893     0.169
1894     0.175
1895     0.172
1896     0.160
1897     0.119
1898     0.127
1899     0.114
1900     0.104
1901     0.084
1902     0.077
1903     0.101
1904     0.128
1905     0.096
1906     0.120
1907     0.105
1908     0.115
1909     0.110
1910     0.096
1911     0.093
1912     0.102
1913     0.114
1914     0.129
1915     0.189
1916     0.222
1917     0.263
1918     0.258
1919     0.219
1920     0.199
1921     0.185
1922     0.166
1923     0.165
1924     0.164
1925     0.176
1926     0.181
1927     0.210
1928     0.194
1929     0.176
1930     0.186
1931     0.180
1932     0.175
1933     0.174
1934     0.198
1935     0.234
1936     0.306
1937     0.304
1938     0.309
1939     0.307
1940     0.320
1941     0.314
1942     0.299
1943     0.278
1944     0.286
1945     0.323
1946     0.335
1947     0.400
1948     0.442
1949     0.419
1950     0.391
1951     0.365
1952     0.353
1953     0.337
1954     0.334
1955     0.378
1956     0.472
1957     0.529
1958     0.510
1959     0.455
1960     0.465
1961     0.414
1962     0.377
1963     0.358
1964     0.327
1965     0.319
1966     0.344
1967     0.359
1968     0.372
1969     0.371
1970     0.345
1971     0.310
1972     0.326
1973     0.295
1974     0.300
1975     0.280
1976     0.282
1977     0.328
1978     0.435
1979     0.543
1980     0.551
1981     0.514
1982     0.457
1983     0.437
1984     0.387
1985     0.363
1986     0.356
1987     0.391
1988     0.498
1989     0.566
1990     0.560
1991     0.531
1992     0.479
1993     0.426
1994     0.381
1995     0.364
1996     0.364
1997     0.364
1998     0.364
1999     0.364
2000     0.364
