Year     Value
1000     0.096
1001     0.093
1002     0.091
1003     0.089
1004     0.087
1005     0.079
1006     0.066
1007     0.056
1008     0.045
1009     0.037
1010     0.026
1011     0.016
1012     0.003
1013    -0.000
1014    -0.005
1015    -0.011
1016    -0.016
1017    -0.021
1018    -0.026
1019    -0.032
1020    -0.037
1021    -0.040
1022    -0.046
1023    -0.051
1024    -0.056
1025    -0.063
1026    -0.067
1027    -0.074
1028    -0.077
1029    -0.082
1030    -0.088
1031    -0.093
1032    -0.100
1033    -0.105
1034    -0.110
1035    -0.116
1036    -0.117
1037    -0.121
1038    -0.123
1039    -0.126
1040    -0.130
1041    -0.133
1042    -0.135
1043    -0.138
1044    -0.142
1045    -0.144
1046    -0.145
1047    -0.147
1048    -0.149
1049    -0.151
1050    -0.152
1051    -0.156
1052    -0.158
1053    -0.158
1054    -0.159
1055    -0.158
1056    -0.158
1057    -0.158
1058    -0.158
1059    -0.158
1060    -0.156
1061    -0.156
1062    -0.154
1063    -0.140
1064    -0.126
1065    -0.114
1066    -0.098
1067    -0.084
1068    -0.072
1069    -0.058
1070    -0.044
1071    -0.032
1072    -0.018
1073    -0.002
1074     0.010
1075     0.024
1076     0.033
1077     0.042
1078     0.052
1079     0.063
1080     0.072
1081     0.082
1082     0.091
1083     0.100
1084     0.103
1085     0.107
1086     0.112
1087     0.115
1088     0.119
1089     0.122
1090     0.124
1091     0.128
1092     0.131
1093     0.136
1094     0.142
1095     0.147
1096     0.152
1097     0.156
1098     0.161
1099     0.164
1100     0.170
1101     0.175
1102     0.180
1103     0.184
1104     0.189
1105     0.194
1106     0.199
1107     0.203
1108     0.208
1109     0.220
1110     0.234
1111     0.245
1112     0.259
1113     0.271
1114     0.283
1115     0.283
1116     0.285
1117     0.285
1118     0.285
1119     0.287
1120     0.287
1121     0.289
1122     0.289
1123     0.289
1124     0.290
1125     0.292
1126     0.294
1127     0.294
1128     0.297
1129     0.299
1130     0.301
1131     0.303
1132     0.304
1133     0.310
1134     0.317
1135     0.320
1136     0.322
1137     0.325
1138     0.327
1139     0.329
1140     0.329
1141     0.331
1142     0.331
1143     0.332
1144     0.332
1145     0.334
1146     0.334
1147     0.332
1148     0.329
1149     0.325
1150     0.324
1151     0.322
1152     0.318
1153     0.315
1154     0.313
1155     0.310
1156     0.299
1157     0.294
1158     0.283
1159     0.275
1160     0.268
1161     0.259
1162     0.262
1163     0.266
1164     0.271
1165     0.275
1166     0.278
1167     0.273
1168     0.269
1169     0.264
1170     0.259
1171     0.254
1172     0.248
1173     0.243
1174     0.240
1175     0.243
1176     0.243
1177     0.245
1178     0.248
1179     0.250
1180     0.252
1181     0.252
1182     0.252
1183     0.252
1184     0.252
1185     0.252
1186     0.252
1187     0.252
1188     0.252
1189     0.252
1190     0.252
1191     0.252
1192     0.257
1193     0.262
1194     0.269
1195     0.275
1196     0.280
1197     0.283
1198     0.287
1199     0.290
1200     0.294
1201     0.297
1202     0.299
1203     0.303
1204     0.301
1205     0.299
1206     0.297
1207     0.296
1208     0.294
1209     0.292
1210     0.289
1211     0.287
1212     0.285
1213     0.283
1214     0.283
1215     0.283
1216     0.283
1217     0.283
1218     0.283
1219     0.283
1220     0.283
1221     0.283
1222     0.283
1223     0.283
1224     0.283
1225     0.283
1226     0.283
1227     0.283
1228     0.283
1229     0.283
1230     0.283
1231     0.283
1232     0.283
1233     0.290
1234     0.282
1235     0.269
1236     0.257
1237     0.245
1238     0.243
1239     0.238
1240     0.233
1241     0.229
1242     0.224
1243     0.220
1244     0.215
1245     0.210
1246     0.206
1247     0.203
1248     0.199
1249     0.194
1250     0.189
1251     0.185
1252     0.180
1253     0.177
1254     0.159
1255     0.142
1256     0.122
1257     0.107
1258     0.103
1259     0.100
1260     0.096
1261     0.093
1262     0.094
1263     0.094
1264     0.094
1265     0.096
1266     0.096
1267     0.096
1268     0.098
1269     0.098
1270     0.098
1271     0.100
1272     0.100
1273     0.100
1274     0.096
1275     0.093
1276     0.089
1277     0.086
1278     0.082
1279     0.079
1280     0.075
1281     0.073
1282     0.072
1283     0.070
1284     0.068
1285     0.066
1286     0.065
1287     0.063
1288     0.059
1289     0.056
1290     0.054
1291     0.051
1292     0.047
1293     0.045
1294     0.042
1295     0.040
1296     0.037
1297     0.033
1298     0.031
1299     0.028
1300     0.024
1301     0.021
1302     0.019
1303     0.016
1304     0.014
1305     0.010
1306     0.009
1307     0.005
1308     0.003
1309     0.002
1310    -0.000
1311    -0.004
1312    -0.005
1313    -0.009
1314    -0.012
1315    -0.014
1316    -0.018
1317    -0.019
1318    -0.023
1319    -0.026
1320    -0.028
1321    -0.032
1322    -0.033
1323    -0.033
1324    -0.033
1325    -0.032
1326    -0.032
1327    -0.032
1328    -0.030
1329    -0.030
1330    -0.030
1331    -0.028
1332    -0.028
1333    -0.028
1334    -0.026
1335    -0.012
1336     0.002
1337     0.016
1338     0.030
1339     0.042
1340     0.044
1341     0.044
1342     0.045
1343     0.045
1344     0.047
1345     0.047
1346     0.049
1347     0.051
1348     0.054
1349     0.056
1350     0.059
1351     0.063
1352     0.065
1353     0.068
1354     0.070
1355     0.073
1356     0.075
1357     0.079
1358     0.082
1359     0.086
1360     0.089
1361     0.093
1362     0.096
1363     0.101
1364     0.105
1365     0.108
1366     0.112
1367     0.117
1368     0.121
1369     0.122
1370     0.126
1371     0.129
1372     0.135
1373     0.138
1374     0.138
1375     0.136
1376     0.136
1377     0.135
1378     0.135
1379     0.135
1380     0.133
1381     0.133
1382     0.133
1383     0.131
1384     0.129
1385     0.126
1386     0.124
1387     0.122
1388     0.121
1389     0.119
1390     0.115
1391     0.114
1392     0.105
1393     0.096
1394     0.087
1395     0.080
1396     0.068
1397     0.052
1398     0.038
1399     0.023
1400     0.010
1401     0.007
1402     0.003
1403     0.002
1404    -0.002
1405    -0.007
1406    -0.011
1407    -0.014
1408    -0.018
1409    -0.019
1410    -0.023
1411    -0.025
1412    -0.028
1413    -0.032
1414    -0.033
1415    -0.046
1416    -0.058
1417    -0.072
1418    -0.084
1419    -0.096
1420    -0.110
1421    -0.114
1422    -0.117
1423    -0.119
1424    -0.123
1425    -0.126
1426    -0.131
1427    -0.135
1428    -0.152
1429    -0.168
1430    -0.186
1431    -0.201
1432    -0.219
1433    -0.236
1434    -0.249
1435    -0.263
1436    -0.277
1437    -0.291
1438    -0.305
1439    -0.317
1440    -0.331
1441    -0.345
1442    -0.347
1443    -0.350
1444    -0.352
1445    -0.355
1446    -0.357
1447    -0.357
1448    -0.355
1449    -0.354
1450    -0.352
1451    -0.350
1452    -0.355
1453    -0.357
1454    -0.361
1455    -0.364
1456    -0.368
1457    -0.371
1458    -0.376
1459    -0.369
1460    -0.362
1461    -0.357
1462    -0.350
1463    -0.345
1464    -0.340
1465    -0.336
1466    -0.331
1467    -0.327
1468    -0.322
1469    -0.319
1470    -0.305
1471    -0.291
1472    -0.277
1473    -0.264
1474    -0.250
1475    -0.236
1476    -0.224
1477    -0.203
1478    -0.186
1479    -0.166
1480    -0.147
1481    -0.128
1482    -0.130
1483    -0.131
1484    -0.133
1485    -0.135
1486    -0.137
1487    -0.138
1488    -0.140
1489    -0.142
1490    -0.144
1491    -0.145
1492    -0.147
1493    -0.149
1494    -0.151
1495    -0.151
1496    -0.152
1497    -0.154
1498    -0.154
1499    -0.156
1500    -0.156
1501    -0.158
1502    -0.158
1503    -0.158
1504    -0.159
1505    -0.158
1506    -0.158
1507    -0.158
1508    -0.158
1509    -0.156
1510    -0.156
1511    -0.154
1512    -0.158
1513    -0.165
1514    -0.170
1515    -0.175
1516    -0.180
1517    -0.187
1518    -0.193
1519    -0.194
1520    -0.198
1521    -0.198
1522    -0.201
1523    -0.203
1524    -0.205
1525    -0.208
1526    -0.210
1527    -0.215
1528    -0.221
1529    -0.226
1530    -0.231
1531    -0.235
1532    -0.238
1533    -0.243
1534    -0.249
1535    -0.252
1536    -0.256
1537    -0.259
1538    -0.261
1539    -0.264
1540    -0.268
1541    -0.266
1542    -0.264
1543    -0.261
1544    -0.259
1545    -0.257
1546    -0.256
1547    -0.252
1548    -0.250
1549    -0.249
1550    -0.249
1551    -0.249
1552    -0.249
1553    -0.249
1554    -0.249
1555    -0.249
1556    -0.249
1557    -0.249
1558    -0.249
1559    -0.249
1560    -0.245
1561    -0.240
1562    -0.236
1563    -0.235
1564    -0.231
1565    -0.228
1566    -0.222
1567    -0.219
1568    -0.215
1569    -0.212
1570    -0.207
1571    -0.203
1572    -0.200
1573    -0.198
1574    -0.194
1575    -0.189
1576    -0.186
1577    -0.175
1578    -0.165
1579    -0.156
1580    -0.144
1581    -0.133
1582    -0.123
1583    -0.114
1584    -0.103
1585    -0.096
1586    -0.088
1587    -0.081
1588    -0.075
1589    -0.068
1590    -0.061
1591    -0.053
1592    -0.046
1593    -0.039
1594    -0.030
1595    -0.018
1596    -0.007
1597     0.003
1598     0.014
1599     0.026
1600     0.037
1601     0.040
1602     0.042
1603     0.044
1604     0.045
1605     0.047
1606     0.051
1607     0.052
1608     0.056
1609     0.059
1610     0.063
1611     0.066
1612     0.070
1613     0.073
1614     0.079
1615     0.082
1616     0.084
1617     0.087
1618     0.091
1619     0.094
1620     0.098
1621     0.101
1622     0.107
1623     0.110
1624     0.114
1625     0.115
1626     0.117
1627     0.119
1628     0.121
1629     0.122
1630     0.122
1631     0.124
1632     0.115
1633     0.103
1634     0.093
1635     0.082
1636     0.072
1637     0.059
1638     0.049
1639     0.044
1640     0.038
1641     0.033
1642     0.028
1643     0.023
1644     0.016
1645     0.010
1646     0.003
1647    -0.004
1648    -0.012
1649    -0.021
1650    -0.030
1651    -0.037
1652    -0.046
1653    -0.058
1654    -0.072
1655    -0.084
1656    -0.096
1657    -0.110
1658    -0.121
1659    -0.135
1660    -0.135
1661    -0.137
1662    -0.137
1663    -0.138
1664    -0.138
1665    -0.140
1666    -0.140
1667    -0.142
1668    -0.145
1669    -0.151
1670    -0.154
1671    -0.158
1672    -0.161
1673    -0.166
1674    -0.184
1675    -0.201
1676    -0.217
1677    -0.215
1678    -0.214
1679    -0.212
1680    -0.210
1681    -0.215
1682    -0.219
1683    -0.222
1684    -0.228
1685    -0.231
1686    -0.236
1687    -0.238
1688    -0.242
1689    -0.231
1690    -0.224
1691    -0.221
1692    -0.217
1693    -0.214
1694    -0.210
1695    -0.207
1696    -0.203
1697    -0.200
1698    -0.198
1699    -0.194
1700    -0.191
1701    -0.187
1702    -0.184
1703    -0.180
1704    -0.177
1705    -0.172
1706    -0.165
1707    -0.158
1708    -0.152
1709    -0.144
1710    -0.137
1711    -0.130
1712    -0.121
1713    -0.114
1714    -0.105
1715    -0.096
1716    -0.086
1717    -0.077
1718    -0.070
1719    -0.061
1720    -0.053
1721    -0.054
1722    -0.054
1723    -0.056
1724    -0.026
1725    -0.019
1726     0.040
1727     0.035
1728     0.059
1729     0.019
1730     0.119
1731     0.079
1732     0.021
1733    -0.002
1734    -0.002
1735     0.035
1736     0.100
1737     0.040
1738     0.028
1739     0.112
1740     0.124
1741     0.138
1742     0.093
1743     0.094
1744     0.101
1745     0.124
1746     0.115
1747     0.124
1748     0.338
1749     0.278
1750     0.285
1751     0.227
1752     0.206
1753     0.178
1754     0.143
1755     0.124
1756     0.121
1757     0.138
1758     0.161
1759     0.177
1760     0.163
1761     0.185
1762     0.166
1763     0.150
1764     0.145
1765     0.119
1766     0.122
1767     0.187
1768     0.248
1769     0.299
1770     0.308
1771     0.290
1772     0.271
1773     0.224
1774     0.213
1775     0.177
1776     0.196
1777     0.234
1778     0.331
1779     0.322
1780     0.266
1781     0.296
1782     0.229
1783     0.208
1784     0.182
1785     0.210
1786     0.315
1787     0.373
1788     0.364
1789     0.359
1790     0.329
1791     0.282
1792     0.271
1793     0.226
1794     0.213
1795     0.168
1796     0.143
1797     0.110
1798     0.082
1799     0.061
1800     0.056
1801     0.110
1802     0.065
1803     0.002
1804    -0.009
1805    -0.018
1806    -0.061
1807    -0.082
1808    -0.093
1809    -0.103
1810    -0.110
1811    -0.112
1812    -0.105
1813    -0.098
1814    -0.096
1815    -0.084
1816    -0.047
1817    -0.047
1818    -0.053
1819    -0.049
1820    -0.058
1821    -0.058
1822    -0.051
1823    -0.042
1824    -0.023
1825     0.009
1826     0.049
1827     0.093
1828     0.133
1829     0.156
1830     0.184
1831     0.163
1832     0.154
1833     0.147
1834     0.173
1835     0.255
1836     0.364
1837     0.390
1838     0.346
1839     0.331
1840     0.306
1841     0.266
1842     0.245
1843     0.220
1844     0.217
1845     0.238
1846     0.248
1847     0.275
1848     0.315
1849     0.308
1850     0.247
1851     0.248
1852     0.233
1853     0.203
1854     0.164
1855     0.140
1856     0.140
1857     0.170
1858     0.222
1859     0.292
1860     0.310
1861     0.282
1862     0.243
1863     0.231
1864     0.219
1865     0.192
1866     0.177
1867     0.163
1868     0.203
1869     0.262
1870     0.329
1871     0.310
1872     0.292
1873     0.234
1874     0.192
1875     0.135
1876     0.124
1877     0.121
1878     0.091
1879     0.091
1880     0.121
1881     0.161
1882     0.136
1883     0.107
1884     0.126
1885     0.119
1886     0.089
1887     0.082
1888     0.079
1889     0.086
1890     0.094
1891     0.149
1892     0.199
1893     0.203
1894     0.210
1895     0.206
1896     0.192
1897     0.136
1898     0.147
1899     0.129
1900     0.117
1901     0.089
1902     0.082
1903     0.114
1904     0.149
1905     0.105
1906     0.138
1907     0.119
1908     0.131
1909     0.124
1910     0.105
1911     0.101
1912     0.114
1913     0.129
1914     0.150
1915     0.231
1916     0.275
1917     0.327
1918     0.322
1919     0.269
1920     0.243
1921     0.224
1922     0.201
1923     0.198
1924     0.198
1925     0.213
1926     0.219
1927     0.259
1928     0.236
1929     0.213
1930     0.226
1931     0.219
1932     0.210
1933     0.210
1934     0.243
1935     0.289
1936     0.387
1937     0.383
1938     0.390
1939     0.388
1940     0.404
1941     0.397
1942     0.376
1943     0.348
1944     0.360
1945     0.408
1946     0.425
1947     0.513
1948     0.567
1949     0.535
1950     0.499
1951     0.464
1952     0.448
1953     0.429
1954     0.423
1955     0.481
1956     0.607
1957     0.682
1958     0.658
1959     0.586
1960     0.598
1961     0.530
1962     0.481
1963     0.455
1964     0.413
1965     0.402
1966     0.437
1967     0.457
1968     0.474
1969     0.474
1970     0.439
1971     0.392
1972     0.413
1973     0.371
1974     0.378
1975     0.352
1976     0.355
1977     0.415
1978     0.558
1979     0.702
1980     0.714
1981     0.663
1982     0.588
1983     0.562
1984     0.493
1985     0.462
1986     0.451
1987     0.499
1988     0.642
1989     0.731
1990     0.723
1991     0.684
1992     0.616
1993     0.546
1994     0.485
1995     0.476
1996     0.457
1997     0.481
1998     0.562
