Year     Value
1000     0.165
1001     0.165
1002     0.195
1003     0.205
1004     0.215
1005     0.215
1006     0.195
1007     0.195
1008     0.205
1009     0.215
1010     0.215
1011     0.215
1012     0.215
1013     0.205
1014     0.205
1015     0.205
1016     0.205
1017     0.135
1018     0.145
1019     0.185
1020     0.205
1021     0.205
1022     0.205
1023     0.215
1024     0.215
1025     0.215
1026     0.215
1027     0.225
1028     0.135
1029     0.145
1030     0.195
1031     0.205
1032     0.205
1033     0.215
1034     0.215
1035     0.205
1036     0.205
1037     0.195
1038     0.195
1039     0.185
1040     0.185
1041     0.175
1042     0.175
1043     0.165
1044     0.155
1045     0.155
1046     0.155
1047     0.145
1048     0.145
1049     0.135
1050     0.125
1051     0.125
1052     0.125
1053     0.115
1054     0.115
1055     0.105
1056     0.105
1057     0.105
1058     0.105
1059     0.105
1060     0.005
1061     0.005
1062     0.065
1063     0.085
1064     0.065
1065     0.075
1066     0.095
1067     0.105
1068     0.105
1069     0.115
1070     0.115
1071     0.115
1072     0.115
1073     0.115
1074     0.115
1075     0.115
1076     0.115
1077     0.125
1078     0.125
1079     0.135
1080     0.135
1081     0.135
1082     0.115
1083     0.125
1084     0.135
1085     0.145
1086     0.155
1087     0.155
1088     0.155
1089     0.165
1090     0.165
1091     0.175
1092     0.175
1093     0.185
1094     0.185
1095     0.195
1096     0.195
1097     0.205
1098     0.205
1099     0.165
1100     0.175
1101     0.195
1102     0.205
1103     0.215
1104     0.215
1105     0.215
1106     0.225
1107     0.225
1108     0.225
1109     0.225
1110     0.235
1111     0.235
1112     0.235
1113     0.235
1114     0.235
1115     0.235
1116     0.235
1117     0.235
1118     0.235
1119     0.235
1120     0.235
1121     0.235
1122     0.225
1123     0.225
1124     0.225
1125     0.225
1126     0.225
1127     0.225
1128     0.235
1129     0.235
1130     0.235
1131     0.245
1132     0.245
1133     0.245
1134     0.255
1135     0.255
1136     0.255
1137     0.255
1138     0.265
1139     0.265
1140     0.265
1141     0.275
1142     0.275
1143     0.275
1144     0.275
1145     0.275
1146     0.275
1147     0.275
1148     0.275
1149     0.275
1150     0.275
1151     0.285
1152     0.285
1153     0.285
1154     0.285
1155     0.285
1156     0.285
1157     0.285
1158     0.295
1159     0.295
1160     0.295
1161     0.295
1162     0.295
1163     0.295
1164     0.295
1165     0.295
1166     0.295
1167     0.295
1168     0.265
1169     0.275
1170     0.285
1171     0.295
1172     0.295
1173     0.295
1174     0.295
1175     0.295
1176     0.295
1177     0.125
1178     0.145
1179     0.195
1180     0.245
1181     0.265
1182     0.275
1183     0.275
1184     0.285
1185     0.285
1186     0.285
1187     0.295
1188     0.295
1189     0.295
1190     0.295
1191     0.295
1192     0.295
1193     0.305
1194     0.305
1195     0.305
1196     0.245
1197     0.245
1198     0.275
1199     0.295
1200     0.295
1201     0.305
1202     0.305
1203     0.305
1204     0.305
1205     0.305
1206     0.315
1207     0.285
1208     0.285
1209     0.305
1210     0.315
1211     0.315
1212     0.325
1213     0.325
1214     0.325
1215     0.335
1216     0.335
1217     0.335
1218     0.335
1219     0.345
1220     0.345
1221     0.345
1222     0.355
1223     0.355
1224     0.355
1225     0.355
1226     0.355
1227     0.365
1228     0.365
1229     0.345
1230     0.345
1231     0.235
1232     0.255
1233     0.295
1234     0.325
1235     0.345
1236     0.345
1237     0.355
1238     0.355
1239     0.365
1240     0.355
1241     0.355
1242     0.355
1243     0.355
1244     0.345
1245     0.345
1246     0.335
1247     0.335
1248     0.335
1249     0.335
1250     0.335
1251     0.335
1252     0.335
1253     0.335
1254     0.335
1255     0.335
1256     0.335
1257     0.335
1258     0.335
1259     0.335
1260     0.335
1261     0.045
1262     0.055
1263     0.165
1264     0.235
1265     0.265
1266     0.275
1267     0.285
1268     0.285
1269     0.285
1270     0.285
1271     0.285
1272     0.275
1273     0.275
1274     0.275
1275     0.265
1276     0.265
1277     0.195
1278     0.205
1279     0.235
1280     0.245
1281     0.245
1282     0.255
1283     0.255
1284     0.255
1285     0.255
1286     0.265
1287     0.165
1288     0.185
1289     0.235
1290     0.255
1291     0.265
1292     0.275
1293     0.275
1294     0.285
1295     0.285
1296     0.285
1297     0.195
1298     0.215
1299     0.245
1300     0.265
1301     0.275
1302     0.275
1303     0.275
1304     0.275
1305     0.275
1306     0.275
1307     0.275
1308     0.275
1309     0.275
1310     0.275
1311     0.275
1312     0.265
1313     0.265
1314     0.265
1315     0.265
1316     0.265
1317     0.255
1318     0.255
1319     0.255
1320     0.255
1321     0.255
1322     0.245
1323     0.245
1324     0.245
1325     0.245
1326     0.235
1327     0.235
1328     0.225
1329     0.225
1330     0.225
1331     0.145
1332     0.145
1333     0.185
1334     0.195
1335     0.195
1336     0.185
1337     0.195
1338     0.195
1339     0.195
1340     0.195
1341     0.195
1342     0.195
1343     0.195
1344     0.195
1345     0.205
1346     0.205
1347     0.135
1348     0.145
1349     0.185
1350     0.205
1351     0.215
1352     0.225
1353     0.225
1354     0.235
1355     0.235
1356     0.245
1357     0.245
1358     0.255
1359     0.255
1360     0.265
1361     0.265
1362     0.275
1363     0.275
1364     0.285
1365     0.285
1366     0.285
1367     0.295
1368     0.295
1369     0.305
1370     0.305
1371     0.315
1372     0.315
1373     0.315
1374     0.325
1375     0.325
1376     0.325
1377     0.295
1378     0.295
1379     0.305
1380     0.305
1381     0.305
1382     0.305
1383     0.305
1384     0.295
1385     0.295
1386     0.295
1387     0.285
1388     0.285
1389     0.255
1390     0.255
1391     0.265
1392     0.265
1393     0.265
1394     0.265
1395     0.265
1396     0.255
1397     0.255
1398     0.255
1399     0.255
1400     0.255
1401     0.255
1402     0.255
1403     0.255
1404     0.255
1405     0.255
1406     0.255
1407     0.255
1408     0.255
1409     0.255
1410     0.225
1411     0.235
1412     0.245
1413     0.245
1414     0.245
1415     0.245
1416     0.245
1417     0.245
1418     0.245
1419     0.235
1420     0.235
1421     0.235
1422     0.225
1423     0.225
1424     0.215
1425     0.215
1426     0.215
1427     0.205
1428     0.205
1429     0.205
1430     0.205
1431     0.195
1432     0.195
1433     0.195
1434     0.195
1435     0.195
1436     0.175
1437     0.175
1438     0.175
1439     0.175
1440     0.175
1441     0.175
1442     0.175
1443     0.175
1444     0.165
1445     0.165
1446     0.165
1447     0.155
1448     0.155
1449     0.145
1450     0.135
1451     0.125
1452     0.115
1453     0.105
1454     0.095
1455    -0.025
1456    -0.025
1457     0.025
1458     0.045
1459     0.055
1460     0.055
1461    -0.055
1462    -0.115
1463    -0.075
1464    -0.015
1465     0.015
1466     0.035
1467     0.035
1468     0.015
1469     0.025
1470     0.045
1471     0.055
1472     0.065
1473     0.065
1474     0.065
1475     0.075
1476     0.075
1477     0.075
1478     0.075
1479     0.075
1480     0.075
1481     0.085
1482     0.085
1483     0.055
1484     0.065
1485     0.035
1486     0.055
1487     0.065
1488     0.075
1489     0.075
1490     0.075
1491     0.075
1492     0.075
1493     0.075
1494     0.075
1495     0.075
1496     0.075
1497     0.045
1498     0.055
1499     0.065
1500     0.075
1501     0.085
1502     0.085
1503     0.085
1504     0.085
1505     0.095
1506     0.065
1507     0.075
1508     0.085
1509     0.095
1510     0.095
1511     0.095
1512     0.095
1513     0.105
1514     0.105
1515     0.105
1516     0.105
1517     0.095
1518     0.095
1519     0.085
1520     0.085
1521     0.085
1522     0.075
1523     0.075
1524     0.065
1525     0.065
1526     0.065
1527     0.055
1528     0.055
1529    -0.015
1530    -0.015
1531     0.015
1532     0.035
1533     0.035
1534     0.035
1535     0.035
1536     0.035
1537     0.025
1538     0.025
1539     0.025
1540     0.025
1541     0.015
1542     0.015
1543     0.015
1544     0.015
1545     0.015
1546     0.015
1547     0.005
1548     0.005
1549     0.005
1550     0.005
1551     0.005
1552     0.005
1553     0.005
1554     0.005
1555     0.005
1556     0.005
1557     0.005
1558     0.005
1559     0.005
1560     0.005
1561     0.005
1562     0.005
1563     0.005
1564     0.005
1565     0.005
1566    -0.065
1567    -0.055
1568    -0.025
1569    -0.015
1570    -0.005
1571    -0.005
1572    -0.025
1573    -0.015
1574    -0.005
1575    -0.005
1576    -0.005
1577    -0.005
1578    -0.005
1579     0.005
1580     0.005
1581    -0.005
1582    -0.005
1583    -0.005
1584    -0.005
1585    -0.005
1586    -0.005
1587    -0.005
1588    -0.005
1589    -0.115
1590    -0.145
1591    -0.105
1592    -0.055
1593    -0.035
1594    -0.025
1595    -0.025
1596    -0.015
1597    -0.015
1598    -0.005
1599    -0.005
1600    -0.005
1601     0.005
1602     0.005
1603    -0.115
1604    -0.105
1605    -0.045
1606    -0.005
1607     0.015
1608     0.035
1609     0.045
1610     0.045
1611     0.055
1612     0.065
1613     0.065
1614     0.075
1615     0.005
1616     0.015
1617     0.045
1618     0.065
1619     0.065
1620     0.075
1621     0.075
1622     0.085
1623     0.085
1624     0.015
1625     0.025
1626     0.055
1627     0.075
1628     0.085
1629     0.085
1630     0.095
1631     0.095
1632     0.095
1633     0.095
1634     0.095
1635     0.095
1636     0.095
1637     0.095
1638     0.095
1639     0.095
1640     0.095
1641     0.095
1642     0.095
1643    -0.045
1644    -0.035
1645     0.005
1646     0.045
1647     0.045
1648     0.055
1649     0.055
1650     0.065
1651     0.065
1652     0.065
1653     0.065
1654     0.065
1655     0.065
1656     0.065
1657     0.055
1658     0.055
1659     0.055
1660     0.055
1661     0.045
1662     0.045
1663     0.045
1664     0.035
1665     0.035
1666     0.035
1667     0.035
1668     0.025
1669    -0.035
1670    -0.025
1671    -0.005
1672     0.005
1673     0.015
1674     0.015
1675     0.015
1676    -0.065
1677    -0.065
1678    -0.025
1679    -0.015
1680    -0.005
1681    -0.005
1682    -0.005
1683    -0.065
1684    -0.055
1685    -0.025
1686    -0.015
1687    -0.015
1688    -0.015
1689    -0.015
1690    -0.015
1691    -0.035
1692    -0.035
1693    -0.035
1694    -0.035
1695    -0.035
1696    -0.035
1697    -0.135
1698    -0.135
1699    -0.095
1700    -0.075
1701    -0.075
1702    -0.075
1703    -0.065
1704    -0.065
1705    -0.065
1706    -0.065
1707    -0.065
1708    -0.065
1709    -0.075
1710    -0.075
1711    -0.075
1712    -0.075
1713    -0.075
1714    -0.065
1715    -0.065
1716    -0.065
1717    -0.065
1718    -0.065
1719    -0.065
1720    -0.055
1721    -0.055
1722    -0.055
1723    -0.045
1724    -0.045
1725    -0.035
1726    -0.035
1727    -0.035
1728    -0.025
1729    -0.025
1730    -0.015
1731    -0.095
1732    -0.055
1733    -0.025
1734    -0.015
1735    -0.005
1736    -0.005
1737     0.005
1738     0.015
1739     0.005
1740     0.005
1741    -0.015
1742     0.005
1743     0.025
1744     0.025
1745     0.025
1746     0.035
1747     0.035
1748     0.035
1749     0.035
1750     0.065
1751     0.065
1752     0.065
1753     0.065
1754     0.065
1755     0.065
1756     0.065
1757     0.055
1758     0.045
1759     0.045
1760     0.055
1761     0.055
1762     0.055
1763     0.055
1764     0.055
1765     0.055
1766     0.055
1767     0.045
1768     0.045
1769     0.055
1770     0.075
1771     0.075
1772     0.065
1773     0.075
1774     0.065
1775     0.065
1776     0.065
1777     0.065
1778     0.065
1779     0.075
1780     0.105
1781     0.095
1782     0.095
1783     0.095
1784     0.085
1785    -0.005
1786     0.025
1787     0.055
1788     0.065
1789     0.095
1790     0.085
1791     0.075
1792     0.075
1793     0.085
1794     0.095
1795     0.075
1796     0.065
1797     0.035
1798     0.015
1799     0.015
1800     0.005
1801    -0.015
1802    -0.005
1803    -0.025
1804    -0.045
1805    -0.045
1806    -0.055
1807    -0.045
1808    -0.045
1809    -0.045
1810    -0.055
1811    -0.195
1812    -0.205
1813    -0.165
1814    -0.125
1815    -0.105
1816    -0.125
1817    -0.245
1818    -0.255
1819    -0.195
1820    -0.135
1821    -0.125
1822    -0.115
1823    -0.105
1824    -0.095
1825    -0.085
1826    -0.065
1827    -0.085
1828    -0.065
1829    -0.075
1830    -0.055
1831    -0.035
1832    -0.065
1833    -0.175
1834    -0.155
1835    -0.115
1836    -0.075
1837    -0.115
1838    -0.095
1839    -0.015
1840     0.005
1841     0.015
1842     0.005
1843    -0.015
1844    -0.015
1845    -0.055
1846    -0.065
1847    -0.045
1848    -0.015
1849    -0.015
1850    -0.005
1851     0.005
1852    -0.015
1853    -0.025
1854    -0.015
1855    -0.015
1856    -0.025
1857    -0.035
1858    -0.045
1859    -0.065
1860    -0.045
1861    -0.025
1862     0.005
1863     0.025
1864     0.025
1865     0.005
1866    -0.005
1867    -0.015
1868    -0.015
1869    -0.005
1870    -0.015
1871     0.005
1872    -0.005
1873    -0.005
1874    -0.025
1875    -0.025
1876    -0.035
1877    -0.035
1878    -0.025
1879    -0.025
1880    -0.055
1881    -0.045
1882    -0.065
1883    -0.055
1884    -0.055
1885    -0.165
1886    -0.145
1887    -0.115
1888    -0.095
1889    -0.095
1890    -0.085
1891    -0.095
1892    -0.065
1893    -0.055
1894    -0.035
1895    -0.015
1896    -0.035
1897    -0.025
1898    -0.025
1899    -0.035
1900    -0.025
1901    -0.025
1902    -0.025
1903    -0.025
1904    -0.115
1905    -0.115
1906    -0.055
1907    -0.055
1908    -0.035
1909    -0.045
1910    -0.025
1911    -0.015
1912    -0.045
1913    -0.035
1914    -0.105
1915    -0.085
1916    -0.065
1917    -0.025
1918     0.015
1919     0.045
1920     0.035
1921     0.045
1922     0.025
1923     0.035
1924     0.035
1925     0.015
1926    -0.015
1927    -0.015
1928     0.015
1929     0.045
1930     0.055
1931     0.065
1932     0.065
1933     0.075
1934     0.075
1935     0.085
1936     0.075
1937     0.075
1938     0.095
1939     0.115
1940     0.135
1941     0.135
1942     0.155
1943     0.145
1944     0.165
1945     0.125
1946     0.135
1947     0.125
1948     0.155
1949     0.165
1950     0.195
1951     0.205
1952     0.185
1953     0.185
1954     0.185
1955     0.185
1956     0.175
1957     0.195
1958     0.185
1959     0.215
1960     0.235
1961     0.215
1962     0.235
1963     0.225
1964     0.205
1965     0.215
1966     0.155
1967     0.175
1968     0.195
1969     0.205
1970     0.235
1971     0.205
1972     0.235
1973     0.255
1974     0.265
1975     0.285
1976     0.275
1977     0.255
1978     0.255
1979     0.265
1980     0.325
1981     0.395
1982     0.445
1983     0.455
1984     0.415
1985     0.365
1986     0.395
1987     0.445
1988     0.445
1989     0.485
1990     0.545
1991     0.595
1992     0.615
1993     0.605
1994     0.525
1995     0.555
1996     0.585
1997     0.625
1998     0.635
1999     0.665
2000     0.695
