Year     Value
1000     0.178
1001     0.178
1002     0.188
1003     0.188
1004     0.188
1005     0.138
1006     0.148
1007     0.168
1008     0.168
1009     0.168
1010     0.168
1011     0.168
1012     0.158
1013     0.168
1014     0.158
1015     0.158
1016     0.028
1017     0.028
1018     0.098
1019     0.128
1020     0.138
1021     0.138
1022     0.138
1023     0.138
1024     0.138
1025     0.138
1026     0.138
1027    -0.022
1028    -0.002
1029     0.068
1030     0.098
1031     0.108
1032     0.118
1033     0.118
1034     0.118
1035     0.118
1036     0.118
1037     0.118
1038     0.118
1039     0.118
1040     0.118
1041     0.118
1042     0.118
1043     0.118
1044     0.118
1045     0.118
1046     0.118
1047     0.118
1048     0.118
1049     0.108
1050     0.118
1051     0.118
1052     0.108
1053     0.108
1054     0.108
1055     0.108
1056     0.108
1057     0.108
1058     0.108
1059    -0.102
1060    -0.092
1061     0.008
1062     0.058
1063     0.018
1064     0.038
1065     0.068
1066     0.088
1067     0.098
1068     0.108
1069     0.118
1070     0.118
1071     0.128
1072     0.128
1073     0.138
1074     0.138
1075     0.138
1076     0.148
1077     0.148
1078     0.158
1079     0.168
1080     0.158
1081     0.128
1082     0.128
1083     0.148
1084     0.168
1085     0.168
1086     0.168
1087     0.178
1088     0.178
1089     0.178
1090     0.188
1091     0.188
1092     0.188
1093     0.188
1094     0.198
1095     0.198
1096     0.198
1097     0.198
1098     0.108
1099     0.118
1100     0.168
1101     0.188
1102     0.188
1103     0.198
1104     0.208
1105     0.198
1106     0.208
1107     0.208
1108     0.218
1109     0.218
1110     0.218
1111     0.228
1112     0.228
1113     0.228
1114     0.228
1115     0.238
1116     0.238
1117     0.248
1118     0.248
1119     0.248
1120     0.248
1121     0.248
1122     0.248
1123     0.248
1124     0.258
1125     0.258
1126     0.258
1127     0.258
1128     0.258
1129     0.258
1130     0.258
1131     0.258
1132     0.258
1133     0.268
1134     0.268
1135     0.268
1136     0.268
1137     0.268
1138     0.268
1139     0.278
1140     0.268
1141     0.278
1142     0.278
1143     0.278
1144     0.278
1145     0.278
1146     0.278
1147     0.278
1148     0.278
1149     0.278
1150     0.278
1151     0.278
1152     0.278
1153     0.278
1154     0.278
1155     0.278
1156     0.278
1157     0.278
1158     0.268
1159     0.278
1160     0.268
1161     0.268
1162     0.268
1163     0.268
1164     0.268
1165     0.268
1166     0.268
1167     0.218
1168     0.218
1169     0.248
1170     0.258
1171     0.258
1172     0.258
1173     0.258
1174     0.258
1175     0.258
1176    -0.082
1177    -0.052
1178     0.058
1179     0.148
1180     0.198
1181     0.208
1182     0.218
1183     0.228
1184     0.228
1185     0.228
1186     0.238
1187     0.238
1188     0.238
1189     0.238
1190     0.238
1191     0.238
1192     0.238
1193     0.238
1194     0.238
1195     0.118
1196     0.138
1197     0.198
1198     0.218
1199     0.228
1200     0.238
1201     0.248
1202     0.248
1203     0.258
1204     0.258
1205     0.258
1206     0.188
1207     0.198
1208     0.228
1209     0.238
1210     0.248
1211     0.248
1212     0.248
1213     0.248
1214     0.248
1215     0.248
1216     0.248
1217     0.248
1218     0.248
1219     0.248
1220     0.248
1221     0.248
1222     0.248
1223     0.248
1224     0.248
1225     0.248
1226     0.248
1227     0.248
1228     0.208
1229     0.218
1230    -0.022
1231     0.008
1232     0.098
1233     0.168
1234     0.198
1235     0.208
1236     0.208
1237     0.218
1238     0.208
1239     0.218
1240     0.218
1241     0.218
1242     0.218
1243     0.218
1244     0.208
1245     0.208
1246     0.208
1247     0.208
1248     0.208
1249     0.208
1250     0.208
1251     0.208
1252     0.208
1253     0.198
1254     0.198
1255     0.198
1256     0.198
1257     0.198
1258     0.188
1259     0.188
1260    -0.392
1261    -0.352
1262    -0.162
1263    -0.002
1264     0.068
1265     0.098
1266     0.118
1267     0.128
1268     0.138
1269     0.148
1270     0.158
1271     0.158
1272     0.158
1273     0.168
1274     0.168
1275     0.168
1276     0.018
1277     0.028
1278     0.108
1279     0.138
1280     0.148
1281     0.158
1282     0.158
1283     0.158
1284     0.168
1285     0.168
1286    -0.012
1287    -0.012
1288     0.078
1289     0.128
1290     0.138
1291     0.148
1292     0.158
1293     0.158
1294     0.158
1295     0.148
1296    -0.022
1297    -0.012
1298     0.078
1299     0.108
1300     0.128
1301     0.138
1302     0.138
1303     0.148
1304     0.148
1305     0.148
1306     0.148
1307     0.148
1308     0.148
1309     0.148
1310     0.148
1311     0.148
1312     0.148
1313     0.148
1314     0.148
1315     0.148
1316     0.148
1317     0.148
1318     0.148
1319     0.148
1320     0.148
1321     0.148
1322     0.148
1323     0.148
1324     0.148
1325     0.148
1326     0.148
1327     0.148
1328     0.148
1329     0.148
1330    -0.012
1331     0.008
1332     0.078
1333     0.108
1334     0.118
1335     0.128
1336     0.128
1337     0.138
1338     0.138
1339     0.138
1340     0.148
1341     0.148
1342     0.148
1343     0.148
1344     0.148
1345     0.148
1346     0.018
1347     0.028
1348     0.098
1349     0.118
1350     0.128
1351     0.138
1352     0.138
1353     0.148
1354     0.148
1355     0.148
1356     0.148
1357     0.148
1358     0.148
1359     0.148
1360     0.148
1361     0.158
1362     0.158
1363     0.158
1364     0.158
1365     0.158
1366     0.158
1367     0.158
1368     0.158
1369     0.158
1370     0.158
1371     0.158
1372     0.158
1373     0.158
1374     0.168
1375     0.168
1376     0.108
1377     0.108
1378     0.138
1379     0.148
1380     0.158
1381     0.158
1382     0.158
1383     0.158
1384     0.158
1385     0.158
1386     0.158
1387     0.158
1388     0.108
1389     0.108
1390     0.128
1391     0.138
1392     0.148
1393     0.148
1394     0.148
1395     0.148
1396     0.148
1397     0.138
1398     0.138
1399     0.138
1400     0.138
1401     0.128
1402     0.128
1403     0.128
1404     0.128
1405     0.118
1406     0.128
1407     0.118
1408     0.118
1409     0.068
1410     0.068
1411     0.098
1412     0.108
1413     0.108
1414     0.118
1415     0.108
1416     0.108
1417     0.108
1418     0.098
1419     0.098
1420     0.098
1421     0.098
1422     0.098
1423     0.088
1424     0.088
1425     0.088
1426     0.088
1427     0.088
1428     0.088
1429     0.078
1430     0.078
1431     0.068
1432     0.068
1433     0.068
1434     0.058
1435     0.018
1436     0.018
1437     0.038
1438     0.038
1439     0.038
1440     0.028
1441     0.028
1442     0.028
1443     0.018
1444     0.018
1445     0.018
1446     0.018
1447     0.018
1448     0.018
1449     0.018
1450     0.008
1451     0.008
1452     0.008
1453     0.008
1454    -0.202
1455    -0.202
1456    -0.102
1457    -0.052
1458    -0.032
1459    -0.032
1460    -0.222
1461    -0.362
1462    -0.282
1463    -0.152
1464    -0.092
1465    -0.062
1466    -0.052
1467    -0.092
1468    -0.082
1469    -0.052
1470    -0.032
1471    -0.022
1472    -0.012
1473    -0.002
1474    -0.002
1475    -0.002
1476    -0.002
1477     0.008
1478     0.008
1479     0.018
1480     0.018
1481     0.028
1482    -0.012
1483     0.008
1484    -0.042
1485    -0.002
1486     0.018
1487     0.028
1488     0.038
1489     0.038
1490     0.038
1491     0.038
1492     0.048
1493     0.048
1494     0.048
1495     0.048
1496    -0.012
1497    -0.002
1498     0.018
1499     0.028
1500     0.038
1501     0.038
1502     0.048
1503     0.048
1504     0.048
1505    -0.002
1506    -0.002
1507     0.028
1508     0.038
1509     0.048
1510     0.048
1511     0.048
1512     0.048
1513     0.048
1514     0.048
1515     0.048
1516     0.048
1517     0.048
1518     0.048
1519     0.048
1520     0.048
1521     0.048
1522     0.048
1523     0.048
1524     0.048
1525     0.048
1526     0.048
1527     0.048
1528    -0.092
1529    -0.082
1530    -0.022
1531     0.008
1532     0.018
1533     0.028
1534     0.028
1535     0.028
1536     0.028
1537     0.028
1538     0.028
1539     0.028
1540     0.028
1541     0.028
1542     0.028
1543     0.028
1544     0.028
1545     0.028
1546     0.028
1547     0.028
1548     0.028
1549     0.028
1550     0.028
1551     0.028
1552     0.028
1553     0.028
1554     0.028
1555     0.028
1556     0.028
1557     0.028
1558     0.028
1559     0.028
1560     0.018
1561     0.018
1562     0.028
1563     0.018
1564     0.018
1565    -0.102
1566    -0.092
1567    -0.032
1568    -0.002
1569     0.008
1570     0.008
1571    -0.022
1572    -0.012
1573    -0.002
1574     0.008
1575     0.018
1576     0.018
1577     0.018
1578     0.018
1579     0.018
1580     0.018
1581     0.018
1582     0.018
1583     0.028
1584     0.028
1585     0.028
1586     0.028
1587     0.028
1588    -0.192
1589    -0.262
1590    -0.172
1591    -0.082
1592    -0.032
1593    -0.012
1594    -0.002
1595    -0.002
1596     0.008
1597     0.008
1598     0.018
1599     0.018
1600     0.018
1601     0.018
1602    -0.242
1603    -0.222
1604    -0.122
1605    -0.052
1606    -0.022
1607    -0.002
1608    -0.002
1609     0.008
1610     0.008
1611     0.018
1612     0.018
1613     0.018
1614    -0.112
1615    -0.102
1616    -0.032
1617    -0.002
1618     0.008
1619     0.018
1620     0.028
1621     0.028
1622     0.028
1623    -0.112
1624    -0.102
1625    -0.022
1626     0.008
1627     0.018
1628     0.028
1629     0.028
1630     0.038
1631     0.038
1632     0.048
1633     0.048
1634     0.048
1635     0.048
1636     0.048
1637     0.038
1638     0.038
1639     0.038
1640     0.038
1641     0.038
1642    -0.232
1643    -0.222
1644    -0.132
1645    -0.052
1646    -0.042
1647    -0.022
1648    -0.012
1649    -0.002
1650    -0.002
1651     0.008
1652     0.008
1653     0.008
1654     0.008
1655    -0.002
1656    -0.002
1657    -0.012
1658    -0.012
1659    -0.012
1660    -0.022
1661    -0.022
1662    -0.022
1663    -0.022
1664    -0.022
1665    -0.022
1666    -0.022
1667    -0.022
1668    -0.142
1669    -0.142
1670    -0.082
1671    -0.052
1672    -0.042
1673    -0.042
1674    -0.032
1675    -0.202
1676    -0.192
1677    -0.112
1678    -0.082
1679    -0.072
1680    -0.062
1681    -0.062
1682    -0.192
1683    -0.172
1684    -0.112
1685    -0.082
1686    -0.072
1687    -0.062
1688    -0.062
1689    -0.062
1690    -0.092
1691    -0.072
1692    -0.062
1693    -0.052
1694    -0.052
1695    -0.052
1696    -0.222
1697    -0.212
1698    -0.132
1699    -0.092
1700    -0.072
1701    -0.062
1702    -0.052
1703    -0.052
1704    -0.052
1705    -0.042
1706    -0.042
1707    -0.042
1708    -0.042
1709    -0.042
1710    -0.032
1711    -0.032
1712    -0.032
1713    -0.032
1714    -0.032
1715    -0.032
1716    -0.032
1717    -0.032
1718    -0.022
1719    -0.022
1720    -0.022
1721    -0.012
1722    -0.012
1723    -0.012
1724    -0.012
1725    -0.012
1726    -0.012
1727    -0.002
1728     0.008
1729     0.008
1730    -0.152
1731    -0.082
1732    -0.022
1733    -0.012
1734    -0.012
1735    -0.012
1736    -0.002
1737     0.008
1738     0.008
1739     0.008
1740    -0.052
1741    -0.022
1742     0.008
1743     0.008
1744     0.018
1745     0.018
1746     0.028
1747     0.028
1748     0.028
1749     0.048
1750     0.058
1751     0.058
1752     0.058
1753     0.058
1754     0.048
1755     0.048
1756     0.038
1757     0.038
1758     0.038
1759     0.038
1760     0.038
1761     0.038
1762     0.048
1763     0.048
1764     0.048
1765     0.048
1766     0.038
1767     0.038
1768     0.048
1769     0.058
1770     0.068
1771     0.078
1772     0.078
1773     0.078
1774     0.078
1775     0.068
1776     0.068
1777     0.068
1778     0.078
1779     0.078
1780     0.088
1781     0.078
1782     0.078
1783     0.078
1784    -0.082
1785    -0.012
1786     0.038
1787     0.068
1788     0.088
1789     0.098
1790     0.048
1791     0.048
1792     0.078
1793     0.078
1794     0.078
1795     0.078
1796     0.078
1797     0.078
1798     0.068
1799     0.068
1800     0.058
1801     0.058
1802     0.058
1803     0.058
1804     0.048
1805     0.048
1806     0.038
1807     0.038
1808     0.028
1809     0.028
1810    -0.242
1811    -0.232
1812    -0.162
1813    -0.082
1814    -0.052
1815    -0.032
1816    -0.312
1817    -0.282
1818    -0.172
1819    -0.092
1820    -0.052
1821    -0.032
1822    -0.022
1823    -0.022
1824    -0.012
1825    -0.002
1826    -0.002
1827     0.008
1828     0.018
1829     0.028
1830     0.038
1831    -0.012
1832    -0.222
1833    -0.192
1834    -0.072
1835    -0.012
1836    -0.132
1837    -0.082
1838    -0.002
1839     0.038
1840     0.058
1841     0.018
1842     0.018
1843     0.038
1844    -0.022
1845    -0.012
1846     0.028
1847     0.038
1848     0.058
1849     0.068
1850     0.078
1851     0.068
1852     0.068
1853     0.068
1854     0.068
1855     0.028
1856     0.038
1857     0.048
1858     0.048
1859     0.058
1860     0.068
1861     0.078
1862     0.068
1863     0.068
1864     0.058
1865     0.068
1866     0.068
1867     0.068
1868     0.078
1869     0.078
1870     0.068
1871     0.088
1872     0.088
1873     0.088
1874     0.088
1875     0.078
1876     0.068
1877     0.058
1878     0.068
1879     0.068
1880     0.068
1881     0.078
1882     0.078
1883     0.078
1884    -0.102
1885    -0.102
1886    -0.012
1887     0.018
1888     0.028
1889     0.048
1890     0.048
1891     0.068
1892     0.078
1893     0.078
1894     0.088
1895     0.078
1896     0.088
1897     0.078
1898     0.088
1899     0.078
1900     0.078
1901     0.088
1902     0.088
1903    -0.102
1904    -0.072
1905     0.008
1906     0.058
1907     0.078
1908     0.078
1909     0.088
1910     0.108
1911     0.088
1912     0.098
1913    -0.012
1914    -0.002
1915     0.008
1916     0.058
1917     0.078
1918     0.098
1919     0.118
1920     0.138
1921     0.118
1922     0.138
1923     0.118
1924     0.138
1925     0.078
1926     0.088
1927     0.128
1928     0.138
1929     0.138
1930     0.128
1931     0.138
1932     0.118
1933     0.138
1934     0.128
1935     0.128
1936     0.158
1937     0.178
1938     0.198
1939     0.188
1940     0.178
1941     0.178
1942     0.188
1943     0.198
1944     0.208
1945     0.208
1946     0.218
1947     0.198
1948     0.198
1949     0.218
1950     0.198
1951     0.228
1952     0.228
1953     0.218
1954     0.218
1955     0.218
1956     0.228
1957     0.238
1958     0.278
1959     0.298
1960     0.278
1961     0.298
1962     0.268
1963     0.268
1964     0.258
1965     0.218
1966     0.218
1967     0.238
1968     0.268
1969     0.248
1970     0.238
1971     0.238
1972     0.268
1973     0.308
1974     0.318
1975     0.328
1976     0.288
1977     0.308
1978     0.328
1979     0.358
1980     0.378
1981     0.418
1982     0.428
1983     0.348
1984     0.268
1985     0.318
1986     0.398
1987     0.438
1988     0.468
1989     0.498
1990     0.558
1991     0.588
1992     0.508
1993     0.368
1994     0.398
1995     0.478
1996     0.548
1997     0.578
1998     0.608
1999     0.648
2000     0.648
