Year     Value
1000     0.173
1001     0.193
1002     0.203
1003     0.203
1004     0.123
1005     0.133
1006     0.163
1007     0.173
1008     0.183
1009     0.193
1010     0.193
1011     0.183
1012     0.183
1013     0.183
1014     0.183
1015    -0.127
1016    -0.117
1017     0.013
1018     0.083
1019     0.113
1020     0.123
1021     0.133
1022     0.143
1023     0.143
1024     0.143
1025     0.143
1026    -0.207
1027    -0.207
1028    -0.047
1029     0.033
1030     0.073
1031     0.093
1032     0.113
1033     0.113
1034     0.113
1035     0.113
1036     0.123
1037     0.123
1038     0.123
1039     0.123
1040     0.123
1041     0.123
1042     0.123
1043     0.113
1044     0.113
1045     0.113
1046     0.113
1047     0.113
1048     0.113
1049     0.113
1050     0.113
1051     0.113
1052     0.103
1053     0.103
1054     0.103
1055     0.113
1056     0.113
1057     0.103
1058    -0.397
1059    -0.387
1060    -0.167
1061    -0.057
1062    -0.137
1063    -0.097
1064    -0.017
1065     0.023
1066     0.043
1067     0.063
1068     0.083
1069     0.093
1070     0.113
1071     0.113
1072     0.133
1073     0.133
1074     0.143
1075     0.153
1076     0.163
1077     0.173
1078     0.183
1079     0.183
1080     0.103
1081     0.113
1082     0.143
1083     0.173
1084     0.183
1085     0.193
1086     0.203
1087     0.203
1088     0.213
1089     0.223
1090     0.223
1091     0.223
1092     0.233
1093     0.233
1094     0.233
1095     0.243
1096     0.243
1097     0.043
1098     0.043
1099     0.133
1100     0.183
1101     0.213
1102     0.233
1103     0.243
1104     0.253
1105     0.253
1106     0.263
1107     0.263
1108     0.273
1109     0.283
1110     0.283
1111     0.293
1112     0.293
1113     0.303
1114     0.313
1115     0.313
1116     0.323
1117     0.323
1118     0.323
1119     0.323
1120     0.333
1121     0.333
1122     0.333
1123     0.343
1124     0.343
1125     0.343
1126     0.343
1127     0.343
1128     0.353
1129     0.353
1130     0.353
1131     0.353
1132     0.363
1133     0.363
1134     0.363
1135     0.373
1136     0.373
1137     0.373
1138     0.373
1139     0.383
1140     0.383
1141     0.383
1142     0.383
1143     0.383
1144     0.383
1145     0.393
1146     0.393
1147     0.393
1148     0.393
1149     0.393
1150     0.393
1151     0.393
1152     0.393
1153     0.393
1154     0.393
1155     0.393
1156     0.393
1157     0.393
1158     0.383
1159     0.383
1160     0.383
1161     0.383
1162     0.383
1163     0.383
1164     0.383
1165     0.383
1166     0.273
1167     0.283
1168     0.323
1169     0.353
1170     0.363
1171     0.373
1172     0.373
1173     0.373
1174     0.373
1175    -0.397
1176    -0.387
1177    -0.167
1178     0.043
1179     0.163
1180     0.213
1181     0.253
1182     0.283
1183     0.303
1184     0.313
1185     0.323
1186     0.333
1187     0.333
1188     0.343
1189     0.343
1190     0.353
1191     0.353
1192     0.353
1193     0.353
1194     0.093
1195     0.093
1196     0.213
1197     0.283
1198     0.313
1199     0.333
1200     0.343
1201     0.353
1202     0.363
1203     0.363
1204     0.363
1205     0.233
1206     0.233
1207     0.293
1208     0.323
1209     0.343
1210     0.353
1211     0.353
1212     0.363
1213     0.363
1214     0.363
1215     0.363
1216     0.363
1217     0.373
1218     0.373
1219     0.373
1220     0.373
1221     0.373
1222     0.373
1223     0.373
1224     0.373
1225     0.373
1226     0.373
1227     0.283
1228     0.283
1229    -0.247
1230    -0.227
1231    -0.047
1232     0.113
1233     0.193
1234     0.243
1235     0.273
1236     0.283
1237     0.293
1238     0.303
1239     0.313
1240     0.313
1241     0.323
1242     0.323
1243     0.323
1244     0.323
1245     0.323
1246     0.323
1247     0.323
1248     0.323
1249     0.323
1250     0.313
1251     0.313
1252     0.313
1253     0.313
1254     0.313
1255     0.303
1256     0.303
1257     0.293
1258     0.283
1259    -0.987
1260    -0.997
1261    -0.637
1262    -0.277
1263    -0.087
1264     0.003
1265     0.063
1266     0.113
1267     0.143
1268     0.163
1269     0.173
1270     0.183
1271     0.193
1272     0.193
1273     0.203
1274     0.203
1275    -0.117
1276    -0.117
1277     0.033
1278     0.103
1279     0.133
1280     0.153
1281     0.163
1282     0.173
1283     0.183
1284     0.183
1285    -0.227
1286    -0.227
1287    -0.037
1288     0.063
1289     0.103
1290     0.133
1291     0.143
1292     0.163
1293     0.173
1294     0.173
1295    -0.227
1296    -0.217
1297    -0.047
1298     0.053
1299     0.093
1300     0.123
1301     0.133
1302     0.143
1303     0.153
1304     0.163
1305     0.173
1306     0.163
1307     0.173
1308     0.173
1309     0.173
1310     0.173
1311     0.183
1312     0.183
1313     0.183
1314     0.183
1315     0.183
1316     0.183
1317     0.183
1318     0.183
1319     0.183
1320     0.183
1321     0.183
1322     0.183
1323     0.183
1324     0.183
1325     0.183
1326     0.183
1327     0.183
1328     0.183
1329    -0.167
1330    -0.157
1331    -0.007
1332     0.073
1333     0.103
1334     0.123
1335     0.143
1336     0.153
1337     0.163
1338     0.173
1339     0.183
1340     0.193
1341     0.193
1342     0.193
1343     0.193
1344     0.193
1345    -0.087
1346    -0.097
1347     0.033
1348     0.103
1349     0.133
1350     0.153
1351     0.163
1352     0.173
1353     0.183
1354     0.183
1355     0.183
1356     0.193
1357     0.193
1358     0.193
1359     0.193
1360     0.203
1361     0.203
1362     0.203
1363     0.203
1364     0.213
1365     0.213
1366     0.213
1367     0.223
1368     0.223
1369     0.223
1370     0.223
1371     0.223
1372     0.233
1373     0.233
1374     0.223
1375     0.113
1376     0.123
1377     0.173
1378     0.193
1379     0.203
1380     0.213
1381     0.213
1382     0.223
1383     0.223
1384     0.223
1385     0.223
1386     0.223
1387     0.113
1388     0.113
1389     0.163
1390     0.183
1391     0.193
1392     0.203
1393     0.203
1394     0.203
1395     0.203
1396     0.203
1397     0.203
1398     0.203
1399     0.193
1400     0.193
1401     0.193
1402     0.193
1403     0.193
1404     0.183
1405     0.183
1406     0.183
1407     0.183
1408     0.073
1409     0.073
1410     0.123
1411     0.143
1412     0.163
1413     0.163
1414     0.173
1415     0.173
1416     0.173
1417     0.173
1418     0.173
1419     0.163
1420     0.163
1421     0.163
1422     0.153
1423     0.153
1424     0.153
1425     0.153
1426     0.153
1427     0.153
1428     0.153
1429     0.143
1430     0.143
1431     0.133
1432     0.123
1433     0.113
1434     0.043
1435     0.043
1436     0.063
1437     0.063
1438     0.073
1439     0.063
1440     0.063
1441     0.053
1442     0.053
1443     0.043
1444     0.043
1445     0.043
1446     0.043
1447     0.043
1448     0.043
1449     0.033
1450     0.033
1451     0.033
1452     0.033
1453    -0.457
1454    -0.447
1455    -0.247
1456    -0.147
1457    -0.097
1458    -0.077
1459    -0.527
1460    -0.837
1461    -0.687
1462    -0.417
1463    -0.277
1464    -0.207
1465    -0.157
1466    -0.247
1467    -0.217
1468    -0.157
1469    -0.117
1470    -0.087
1471    -0.077
1472    -0.057
1473    -0.057
1474    -0.047
1475    -0.037
1476    -0.027
1477    -0.017
1478    -0.017
1479    -0.007
1480     0.003
1481    -0.087
1482    -0.037
1483    -0.157
1484    -0.087
1485    -0.037
1486    -0.017
1487     0.003
1488     0.013
1489     0.023
1490     0.033
1491     0.033
1492     0.033
1493     0.043
1494     0.043
1495    -0.087
1496    -0.077
1497    -0.027
1498     0.003
1499     0.023
1500     0.023
1501     0.033
1502     0.033
1503     0.043
1504    -0.057
1505    -0.057
1506    -0.017
1507     0.013
1508     0.023
1509     0.033
1510     0.033
1511     0.043
1512     0.043
1513     0.043
1514     0.043
1515     0.053
1516     0.053
1517     0.043
1518     0.043
1519     0.043
1520     0.043
1521     0.043
1522     0.043
1523     0.043
1524     0.043
1525     0.043
1526     0.043
1527    -0.267
1528    -0.257
1529    -0.117
1530    -0.057
1531    -0.027
1532    -0.017
1533     0.003
1534     0.003
1535     0.013
1536     0.013
1537     0.013
1538     0.013
1539     0.023
1540     0.023
1541     0.023
1542     0.023
1543     0.023
1544     0.033
1545     0.033
1546     0.033
1547     0.033
1548     0.043
1549     0.043
1550     0.043
1551     0.043
1552     0.043
1553     0.043
1554     0.043
1555     0.043
1556     0.043
1557     0.043
1558     0.043
1559     0.043
1560     0.043
1561     0.043
1562     0.043
1563     0.043
1564    -0.247
1565    -0.237
1566    -0.107
1567    -0.047
1568    -0.017
1569     0.003
1570    -0.057
1571    -0.037
1572    -0.007
1573     0.013
1574     0.023
1575     0.023
1576     0.033
1577     0.033
1578     0.043
1579     0.043
1580     0.043
1581     0.053
1582     0.053
1583     0.053
1584     0.063
1585     0.063
1586     0.063
1587    -0.437
1588    -0.597
1589    -0.447
1590    -0.237
1591    -0.117
1592    -0.067
1593    -0.037
1594    -0.007
1595     0.003
1596     0.023
1597     0.033
1598     0.043
1599     0.043
1600     0.053
1601    -0.547
1602    -0.537
1603    -0.347
1604    -0.187
1605    -0.097
1606    -0.057
1607    -0.027
1608     0.003
1609     0.013
1610     0.023
1611     0.043
1612     0.053
1613    -0.247
1614    -0.237
1615    -0.107
1616    -0.047
1617    -0.017
1618    -0.007
1619     0.003
1620     0.013
1621     0.013
1622    -0.327
1623    -0.317
1624    -0.177
1625    -0.097
1626    -0.067
1627    -0.047
1628    -0.027
1629    -0.027
1630    -0.017
1631    -0.007
1632     0.003
1633     0.013
1634     0.023
1635     0.023
1636     0.033
1637     0.043
1638     0.053
1639     0.063
1640     0.053
1641    -0.557
1642    -0.547
1643    -0.367
1644    -0.207
1645    -0.167
1646    -0.127
1647    -0.087
1648    -0.067
1649    -0.057
1650    -0.047
1651    -0.047
1652    -0.037
1653    -0.037
1654    -0.027
1655    -0.027
1656    -0.027
1657    -0.027
1658    -0.027
1659    -0.027
1660    -0.027
1661    -0.027
1662    -0.027
1663    -0.027
1664    -0.027
1665    -0.017
1666    -0.027
1667    -0.287
1668    -0.277
1669    -0.167
1670    -0.107
1671    -0.077
1672    -0.067
1673    -0.057
1674    -0.427
1675    -0.407
1676    -0.237
1677    -0.157
1678    -0.117
1679    -0.087
1680    -0.077
1681    -0.377
1682    -0.357
1683    -0.217
1684    -0.147
1685    -0.117
1686    -0.097
1687    -0.077
1688    -0.067
1689    -0.137
1690    -0.097
1691    -0.077
1692    -0.067
1693    -0.057
1694    -0.057
1695    -0.437
1696    -0.427
1697    -0.267
1698    -0.177
1699    -0.137
1700    -0.117
1701    -0.097
1702    -0.087
1703    -0.077
1704    -0.067
1705    -0.057
1706    -0.057
1707    -0.047
1708    -0.047
1709    -0.047
1710    -0.047
1711    -0.037
1712    -0.037
1713    -0.037
1714    -0.027
1715    -0.027
1716    -0.027
1717    -0.017
1718    -0.017
1719    -0.007
1720    -0.007
1721     0.003
1722     0.003
1723     0.003
1724     0.013
1725     0.013
1726     0.023
1727     0.023
1728     0.033
1729    -0.337
1730    -0.197
1731    -0.077
1732    -0.037
1733    -0.027
1734    -0.007
1735     0.003
1736     0.023
1737     0.033
1738     0.033
1739    -0.097
1740    -0.037
1741     0.013
1742     0.023
1743     0.043
1744     0.043
1745     0.053
1746     0.063
1747     0.073
1748     0.093
1749     0.093
1750     0.103
1751     0.103
1752     0.093
1753     0.093
1754     0.093
1755     0.093
1756     0.093
1757     0.093
1758     0.093
1759     0.093
1760     0.103
1761     0.103
1762     0.103
1763     0.103
1764     0.103
1765     0.103
1766     0.103
1767     0.113
1768     0.123
1769     0.133
1770     0.133
1771     0.143
1772     0.143
1773     0.143
1774     0.143
1775     0.133
1776     0.143
1777     0.143
1778     0.153
1779     0.163
1780     0.163
1781     0.163
1782     0.163
1783    -0.217
1784    -0.077
1785     0.033
1786     0.093
1787     0.133
1788     0.153
1789     0.043
1790     0.053
1791     0.113
1792     0.133
1793     0.153
1794     0.163
1795     0.163
1796     0.163
1797     0.163
1798     0.163
1799     0.163
1800     0.153
1801     0.163
1802     0.163
1803     0.153
1804     0.153
1805     0.143
1806     0.143
1807     0.143
1808     0.143
1809    -0.477
1810    -0.467
1811    -0.287
1812    -0.117
1813    -0.037
1814     0.003
1815    -0.627
1816    -0.587
1817    -0.377
1818    -0.187
1819    -0.087
1820    -0.027
1821     0.003
1822     0.033
1823     0.053
1824     0.073
1825     0.083
1826     0.103
1827     0.113
1828     0.123
1829     0.133
1830     0.013
1831    -0.467
1832    -0.427
1833    -0.177
1834    -0.037
1835    -0.297
1836    -0.237
1837    -0.067
1838     0.033
1839     0.083
1840     0.003
1841     0.023
1842     0.083
1843    -0.047
1844    -0.037
1845     0.053
1846     0.103
1847     0.133
1848     0.153
1849     0.163
1850     0.173
1851     0.173
1852     0.183
1853     0.183
1854     0.103
1855     0.133
1856     0.163
1857     0.173
1858     0.193
1859     0.203
1860     0.213
1861     0.223
1862     0.223
1863     0.223
1864     0.223
1865     0.223
1866     0.223
1867     0.223
1868     0.223
1869     0.233
1870     0.243
1871     0.253
1872     0.253
1873     0.253
1874     0.253
1875     0.253
1876     0.243
1877     0.243
1878     0.243
1879     0.243
1880     0.253
1881     0.253
1882     0.253
1883    -0.157
1884    -0.157
1885     0.033
1886     0.123
1887     0.163
1888     0.193
1889     0.203
1890     0.223
1891     0.243
1892     0.253
1893     0.263
1894     0.273
1895     0.283
1896     0.283
1897     0.283
1898     0.293
1899     0.293
1900     0.293
1901     0.293
1902    -0.107
1903    -0.097
1904     0.073
1905     0.163
1906     0.213
1907     0.203
1908     0.233
1909     0.263
1910     0.273
1911     0.283
1912     0.063
1913     0.073
1914     0.103
1915     0.193
1916     0.253
1917     0.293
1918     0.313
1919     0.333
1920     0.343
1921     0.343
1922     0.353
1923     0.353
1924     0.223
1925     0.233
1926     0.293
1927     0.343
1928     0.353
1929     0.373
1930     0.383
1931     0.383
1932     0.393
1933     0.403
1934     0.403
1935     0.413
1936     0.433
1937     0.443
1938     0.453
1939     0.463
1940     0.473
1941     0.473
1942     0.473
1943     0.473
1944     0.483
1945     0.483
1946     0.493
1947     0.513
1948     0.523
1949     0.533
1950     0.533
1951     0.533
1952     0.533
1953     0.523
1954     0.523
1955     0.523
1956     0.493
1957     0.523
1958     0.543
1959     0.563
1960     0.563
1961     0.543
1962     0.533
1963     0.473
1964     0.333
1965     0.303
1966     0.323
1967     0.373
1968     0.363
1969     0.293
1970     0.343
1971     0.433
1972     0.473
1973     0.483
1974     0.483
1975     0.443
1976     0.513
1977     0.563
1978     0.593
1979     0.623
1980     0.663
1981     0.673
1982     0.513
1983     0.303
1984     0.483
1985     0.593
1986     0.633
1987     0.683
1988     0.733
1989     0.783
1990     0.813
1991     0.743
1992     0.323
1993     0.443
1994     0.593
1995     0.703
1996     0.783
1997     0.843
1998     0.903
1999     0.943
2000     1.423
