Year     Value
1000     0.117
1001     0.114
1002     0.112
1003     0.058
1004     0.034
1005     0.058
1006     0.078
1007     0.075
1008     0.074
1009     0.088
1010     0.097
1011     0.102
1012     0.103
1013     0.103
1014     0.101
1015     0.098
1016     0.095
1017     0.091
1018     0.053
1019     0.033
1020     0.045
1021     0.054
1022     0.061
1023     0.064
1024     0.021
1025     0.002
1026     0.022
1027     0.038
1028     0.049
1029     0.055
1030     0.058
1031     0.059
1032     0.059
1033     0.059
1034     0.057
1035     0.056
1036     0.055
1037     0.054
1038     0.053
1039     0.052
1040     0.050
1041     0.050
1042     0.050
1043     0.051
1044     0.052
1045     0.053
1046     0.054
1047     0.055
1048     0.057
1049     0.058
1050     0.060
1051     0.061
1052     0.062
1053     0.062
1054     0.063
1055     0.064
1056     0.065
1057     0.065
1058     0.066
1059     0.066
1060     0.067
1061     0.067
1062     0.036
1063     0.023
1064     0.037
1065     0.048
1066     0.032
1067     0.024
1068     0.037
1069     0.048
1070     0.055
1071     0.060
1072     0.064
1073     0.067
1074     0.070
1075     0.072
1076     0.074
1077     0.076
1078     0.078
1079     0.080
1080     0.082
1081     0.085
1082     0.087
1083     0.070
1084     0.064
1085     0.075
1086     0.083
1087     0.091
1088     0.096
1089     0.100
1090     0.104
1091     0.086
1092     0.079
1093     0.090
1094     0.100
1095     0.107
1096     0.111
1097     0.114
1098     0.117
1099     0.119
1100     0.094
1101     0.086
1102     0.101
1103     0.113
1104     0.122
1105     0.127
1106     0.131
1107     0.133
1108     0.135
1109     0.137
1110     0.138
1111     0.139
1112     0.139
1113     0.139
1114     0.138
1115     0.137
1116     0.115
1117     0.088
1118     0.085
1119     0.090
1120     0.097
1121     0.104
1122     0.108
1123     0.112
1124     0.116
1125     0.119
1126     0.121
1127     0.123
1128     0.125
1129     0.127
1130     0.129
1131     0.132
1132     0.136
1133     0.141
1134     0.146
1135     0.151
1136     0.156
1137     0.162
1138     0.169
1139     0.175
1140     0.180
1141     0.183
1142     0.184
1143     0.184
1144     0.184
1145     0.183
1146     0.182
1147     0.181
1148     0.179
1149     0.177
1150     0.174
1151     0.172
1152     0.168
1153     0.165
1154     0.161
1155     0.158
1156     0.154
1157     0.150
1158     0.145
1159     0.141
1160     0.138
1161     0.136
1162     0.136
1163     0.136
1164     0.137
1165     0.138
1166     0.140
1167     0.143
1168     0.034
1169    -0.016
1170     0.035
1171     0.076
1172     0.106
1173     0.120
1174     0.128
1175     0.133
1176     0.137
1177     0.139
1178     0.140
1179     0.141
1180     0.141
1181     0.141
1182     0.141
1183     0.141
1184     0.140
1185     0.138
1186     0.137
1187     0.136
1188     0.094
1189     0.075
1190     0.068
1191     0.072
1192     0.094
1193     0.108
1194     0.118
1195     0.124
1196     0.093
1197     0.081
1198     0.100
1199     0.116
1200     0.128
1201     0.134
1202     0.137
1203     0.137
1204     0.137
1205     0.137
1206     0.116
1207     0.105
1208     0.114
1209     0.120
1210     0.125
1211     0.126
1212     0.125
1213     0.124
1214     0.121
1215     0.118
1216     0.116
1217     0.114
1218     0.111
1219     0.109
1220     0.107
1221     0.105
1222     0.104
1223     0.104
1224     0.104
1225     0.080
1226     0.069
1227     0.082
1228    -0.147
1229    -0.247
1230    -0.136
1231    -0.047
1232     0.014
1233     0.041
1234     0.055
1235     0.065
1236     0.072
1237     0.077
1238     0.081
1239     0.085
1240     0.088
1241     0.091
1242     0.093
1243     0.095
1244     0.097
1245     0.099
1246     0.101
1247     0.103
1248     0.105
1249     0.106
1250     0.107
1251     0.097
1252     0.092
1253     0.096
1254     0.099
1255     0.101
1256     0.101
1257     0.101
1258    -0.617
1259    -1.059
1260    -0.813
1261    -0.566
1262    -0.362
1263    -0.249
1264    -0.179
1265    -0.131
1266    -0.095
1267    -0.114
1268    -0.114
1269    -0.078
1270    -0.050
1271    -0.029
1272    -0.015
1273    -0.006
1274     0.001
1275     0.006
1276    -0.133
1277    -0.264
1278    -0.242
1279    -0.197
1280    -0.150
1281    -0.116
1282    -0.092
1283    -0.073
1284    -0.058
1285    -0.046
1286    -0.265
1287    -0.414
1288    -0.340
1289    -0.258
1290    -0.187
1291    -0.144
1292    -0.116
1293    -0.096
1294    -0.081
1295    -0.070
1296    -0.060
1297    -0.075
1298    -0.080
1299    -0.066
1300    -0.055
1301    -0.045
1302    -0.038
1303    -0.032
1304    -0.027
1305    -0.022
1306    -0.017
1307    -0.012
1308    -0.008
1309    -0.004
1310     0.000
1311     0.003
1312     0.006
1313     0.008
1314     0.010
1315     0.012
1316     0.014
1317     0.016
1318     0.017
1319     0.019
1320     0.020
1321     0.020
1322     0.019
1323     0.018
1324     0.017
1325    -0.018
1326    -0.035
1327    -0.021
1328    -0.010
1329    -0.002
1330     0.001
1331    -0.017
1332    -0.024
1333    -0.010
1334     0.001
1335     0.010
1336     0.017
1337     0.022
1338     0.027
1339     0.032
1340     0.037
1341     0.024
1342     0.020
1343     0.031
1344     0.040
1345    -0.184
1346    -0.327
1347    -0.247
1348    -0.164
1349    -0.095
1350    -0.055
1351    -0.029
1352    -0.010
1353     0.003
1354     0.014
1355     0.023
1356     0.030
1357     0.035
1358     0.039
1359     0.043
1360     0.047
1361     0.051
1362     0.056
1363     0.062
1364     0.067
1365     0.071
1366     0.075
1367     0.079
1368     0.083
1369     0.088
1370     0.092
1371     0.094
1372     0.095
1373     0.096
1374     0.096
1375     0.096
1376     0.076
1377     0.065
1378     0.072
1379     0.076
1380     0.080
1381     0.080
1382     0.051
1383     0.037
1384     0.049
1385     0.058
1386     0.064
1387     0.066
1388     0.067
1389     0.023
1390     0.003
1391     0.022
1392     0.037
1393     0.047
1394     0.050
1395     0.051
1396     0.051
1397     0.051
1398     0.050
1399     0.049
1400     0.047
1401     0.047
1402     0.047
1403     0.047
1404     0.047
1405     0.046
1406     0.046
1407     0.045
1408     0.045
1409     0.044
1410     0.044
1411     0.045
1412     0.045
1413     0.045
1414     0.045
1415     0.045
1416     0.045
1417     0.045
1418     0.045
1419     0.045
1420     0.045
1421     0.046
1422     0.045
1423     0.045
1424     0.044
1425     0.043
1426     0.043
1427     0.042
1428     0.041
1429     0.039
1430     0.038
1431     0.036
1432     0.034
1433     0.031
1434     0.028
1435     0.025
1436     0.022
1437     0.019
1438     0.016
1439     0.013
1440     0.010
1441     0.007
1442    -0.049
1443    -0.076
1444    -0.054
1445    -0.036
1446    -0.024
1447    -0.019
1448    -0.019
1449    -0.019
1450    -0.019
1451    -0.019
1452    -0.020
1453    -0.201
1454    -0.370
1455    -0.345
1456    -0.290
1457    -0.231
1458    -0.190
1459    -0.161
1460    -0.236
1461    -0.262
1462    -0.205
1463    -0.159
1464    -0.125
1465    -0.127
1466    -0.124
1467    -0.104
1468    -0.089
1469    -0.092
1470    -0.090
1471    -0.078
1472    -0.068
1473    -0.061
1474    -0.056
1475    -0.053
1476    -0.050
1477    -0.047
1478    -0.044
1479    -0.042
1480    -0.095
1481    -0.118
1482    -0.122
1483    -0.113
1484    -0.083
1485    -0.064
1486    -0.051
1487    -0.042
1488    -0.037
1489    -0.033
1490    -0.030
1491    -0.027
1492    -0.023
1493    -0.047
1494    -0.057
1495    -0.040
1496    -0.024
1497    -0.013
1498    -0.006
1499    -0.000
1500     0.004
1501     0.008
1502     0.012
1503    -0.014
1504    -0.025
1505    -0.009
1506     0.003
1507     0.013
1508     0.019
1509     0.023
1510     0.026
1511     0.029
1512    -0.085
1513    -0.136
1514    -0.084
1515    -0.042
1516    -0.012
1517     0.002
1518     0.009
1519     0.013
1520     0.016
1521     0.018
1522     0.019
1523     0.021
1524     0.022
1525     0.008
1526     0.002
1527     0.010
1528     0.017
1529     0.022
1530     0.025
1531     0.029
1532     0.032
1533     0.035
1534     0.036
1535     0.038
1536     0.040
1537     0.042
1538     0.045
1539     0.047
1540     0.050
1541     0.052
1542     0.054
1543     0.056
1544     0.058
1545     0.060
1546     0.062
1547     0.064
1548     0.066
1549     0.067
1550     0.068
1551     0.070
1552     0.072
1553     0.074
1554     0.016
1555    -0.009
1556     0.018
1557     0.041
1558     0.058
1559     0.067
1560     0.072
1561     0.076
1562     0.053
1563     0.043
1564     0.057
1565     0.069
1566     0.077
1567     0.082
1568     0.084
1569     0.086
1570     0.088
1571     0.050
1572     0.033
1573     0.053
1574     0.067
1575     0.078
1576     0.083
1577     0.087
1578     0.089
1579     0.089
1580     0.076
1581     0.070
1582     0.076
1583     0.082
1584     0.085
1585     0.087
1586     0.068
1587    -0.231
1588    -0.232
1589    -0.149
1590    -0.096
1591    -0.055
1592    -0.021
1593    -0.009
1594    -0.028
1595    -0.023
1596    -0.010
1597     0.004
1598     0.016
1599     0.025
1600    -0.284
1601    -0.565
1602    -0.442
1603    -0.307
1604    -0.196
1605    -0.134
1606    -0.097
1607    -0.072
1608    -0.054
1609    -0.041
1610    -0.031
1611    -0.022
1612    -0.016
1613    -0.011
1614    -0.007
1615    -0.004
1616    -0.001
1617     0.002
1618     0.004
1619     0.006
1620    -0.005
1621    -0.068
1622    -0.063
1623    -0.044
1624    -0.028
1625    -0.015
1626    -0.009
1627    -0.004
1628    -0.000
1629     0.003
1630     0.005
1631     0.006
1632     0.007
1633     0.007
1634     0.007
1635     0.008
1636     0.007
1637     0.007
1638    -0.101
1639    -0.165
1640    -0.150
1641    -0.361
1642    -0.509
1643    -0.401
1644    -0.280
1645    -0.192
1646    -0.143
1647    -0.132
1648    -0.109
1649    -0.088
1650    -0.073
1651    -0.063
1652    -0.055
1653    -0.050
1654    -0.046
1655    -0.044
1656    -0.042
1657    -0.040
1658    -0.038
1659    -0.037
1660    -0.036
1661    -0.036
1662    -0.036
1663    -0.038
1664    -0.039
1665    -0.040
1666    -0.040
1667    -0.048
1668    -0.266
1669    -0.257
1670    -0.186
1671    -0.136
1672    -0.104
1673    -0.127
1674    -0.233
1675    -0.212
1676    -0.175
1677    -0.143
1678    -0.124
1679    -0.113
1680    -0.118
1681    -0.211
1682    -0.201
1683    -0.169
1684    -0.144
1685    -0.126
1686    -0.116
1687    -0.110
1688    -0.105
1689    -0.121
1690    -0.126
1691    -0.114
1692    -0.105
1693    -0.110
1694    -0.297
1695    -0.304
1696    -0.392
1697    -0.346
1698    -0.273
1699    -0.220
1700    -0.181
1701    -0.158
1702    -0.141
1703    -0.128
1704    -0.119
1705    -0.110
1706    -0.103
1707    -0.097
1708    -0.091
1709    -0.087
1710    -0.082
1711    -0.078
1712    -0.074
1713    -0.070
1714    -0.065
1715    -0.061
1716    -0.056
1717    -0.051
1718    -0.046
1719    -0.042
1720    -0.037
1721    -0.032
1722    -0.028
1723    -0.024
1724    -0.019
1725    -0.026
1726    -0.026
1727    -0.016
1728    -0.007
1729     0.001
1730     0.005
1731    -0.025
1732    -0.038
1733    -0.019
1734    -0.004
1735     0.007
1736     0.014
1737     0.019
1738     0.022
1739     0.020
1740    -0.066
1741    -0.053
1742    -0.021
1743     0.002
1744     0.016
1745     0.024
1746     0.029
1747     0.034
1748     0.037
1749     0.039
1750     0.041
1751     0.044
1752     0.046
1753     0.049
1754     0.052
1755     0.055
1756     0.057
1757     0.058
1758     0.061
1759     0.063
1760     0.065
1761     0.068
1762     0.012
1763    -0.013
1764     0.015
1765     0.039
1766     0.056
1767     0.066
1768     0.072
1769     0.032
1770     0.017
1771     0.043
1772     0.065
1773     0.083
1774     0.094
1775     0.103
1776     0.112
1777     0.119
1778     0.124
1779     0.130
1780     0.135
1781     0.138
1782     0.139
1783     0.123
1784     0.038
1785     0.058
1786     0.088
1787     0.110
1788     0.122
1789     0.127
1790     0.093
1791     0.093
1792     0.109
1793     0.120
1794     0.130
1795     0.138
1796     0.143
1797     0.146
1798     0.147
1799     0.148
1800     0.147
1801     0.146
1802     0.145
1803     0.143
1804     0.141
1805     0.139
1806     0.138
1807     0.137
1808     0.135
1809    -0.019
1810    -0.327
1811    -0.264
1812    -0.163
1813    -0.091
1814    -0.044
1815    -0.207
1816    -0.584
1817    -0.487
1818    -0.341
1819    -0.214
1820    -0.136
1821    -0.085
1822    -0.048
1823    -0.019
1824     0.004
1825     0.022
1826     0.038
1827     0.052
1828     0.065
1829     0.075
1830     0.042
1831    -0.021
1832    -0.143
1833    -0.091
1834    -0.027
1835    -0.155
1836    -0.236
1837    -0.156
1838    -0.080
1839    -0.017
1840    -0.003
1841     0.011
1842     0.042
1843     0.052
1844     0.044
1845     0.068
1846     0.090
1847     0.108
1848     0.121
1849     0.130
1850     0.138
1851     0.144
1852     0.149
1853     0.155
1854     0.114
1855     0.106
1856     0.129
1857     0.147
1858     0.160
1859     0.168
1860     0.174
1861     0.155
1862     0.138
1863     0.146
1864     0.159
1865     0.170
1866     0.179
1867     0.166
1868     0.163
1869     0.178
1870     0.189
1871     0.198
1872     0.205
1873     0.209
1874     0.214
1875     0.217
1876     0.220
1877     0.223
1878     0.225
1879     0.228
1880     0.230
1881     0.228
1882     0.230
1883     0.216
1884    -0.053
1885    -0.051
1886     0.029
1887     0.097
1888     0.145
1889     0.172
1890     0.191
1891     0.205
1892     0.216
1893     0.225
1894     0.233
1895     0.239
1896     0.244
1897     0.249
1898     0.254
1899     0.259
1900     0.264
1901     0.271
1902     0.276
1903     0.216
1904     0.214
1905     0.241
1906     0.265
1907     0.269
1908     0.265
1909     0.284
1910     0.302
1911     0.316
1912     0.291
1913     0.131
1914     0.176
1915     0.242
1916     0.279
1917     0.304
1918     0.327
1919     0.344
1920     0.357
1921     0.368
1922     0.377
1923     0.385
1924     0.369
1925     0.360
1926     0.378
1927     0.393
1928     0.407
1929     0.419
1930     0.429
1931     0.439
1932     0.449
1933     0.459
1934     0.467
1935     0.474
1936     0.481
1937     0.482
1938     0.481
1939     0.487
1940     0.495
1941     0.502
1942     0.509
1943     0.493
1944     0.487
1945     0.498
1946     0.506
1947     0.513
1948     0.517
1949     0.518
1950     0.519
1951     0.519
1952     0.507
1953     0.514
1954     0.521
1955     0.526
1956     0.530
1957     0.534
1958     0.538
1959     0.542
1960     0.539
1961     0.529
1962     0.528
1963     0.515
1964     0.466
1965     0.430
1966     0.437
1967     0.461
1968     0.461
1969     0.439
1970     0.468
1971     0.509
1972     0.540
1973     0.555
1974     0.561
1975     0.537
1976     0.560
1977     0.604
1978     0.641
1979     0.666
1980     0.697
1981     0.722
1982     0.675
1983     0.517
1984     0.566
1985     0.648
1986     0.698
1987     0.738
1988     0.783
1989     0.826
1990     0.858
1991     0.852
1992     0.657
1993     0.682
1994     0.759
1995     0.819
1996     0.868
1997     0.914
1998     0.963
1999     1.009
2000     1.051
