Year     Value
1000     0.202
1001     0.351
1002     0.212
1003     0.189
1004     0.253
1005     0.308
1006     0.349
1007     0.366
1008     0.417
1009     0.382
1010     0.457
1011     0.383
1012     0.303
1013     0.292
1014     0.364
1015     0.033
1016    -0.126
1017     0.047
1018    -0.063
1019     0.163
1020     0.187
1021     0.284
1022     0.176
1023    -0.128
1024     0.070
1025     0.108
1026     0.079
1027    -0.021
1028     0.212
1029    -0.042
1030     0.105
1031     0.040
1032     0.015
1033     0.110
1034     0.229
1035     0.046
1036     0.127
1037     0.217
1038     0.205
1039     0.196
1040     0.222
1041     0.344
1042     0.294
1043     0.129
1044     0.114
1045    -0.039
1046     0.009
1047     0.099
1048    -0.094
1049    -0.079
1050    -0.162
1051     0.035
1052     0.147
1053     0.238
1054     0.042
1055     0.118
1056    -0.086
1057     0.033
1058    -0.156
1059    -0.309
1060    -0.163
1061    -0.192
1062    -0.463
1063    -0.465
1064    -0.220
1065    -0.222
1066    -0.241
1067    -0.100
1068     0.025
1069    -0.044
1070    -0.026
1071     0.076
1072     0.177
1073     0.183
1074     0.297
1075     0.095
1076     0.141
1077     0.392
1078     0.267
1079     0.246
1080     0.051
1081    -0.070
1082     0.157
1083     0.149
1084     0.283
1085     0.279
1086     0.367
1087     0.518
1088     0.464
1089     0.377
1090     0.309
1091     0.290
1092     0.519
1093     0.583
1094     0.378
1095     0.278
1096     0.271
1097     0.066
1098    -0.126
1099    -0.001
1100     0.193
1101     0.240
1102     0.113
1103     0.265
1104     0.213
1105     0.235
1106     0.327
1107     0.384
1108     0.342
1109     0.230
1110     0.142
1111     0.037
1112     0.209
1113     0.196
1114     0.209
1115     0.329
1116     0.259
1117     0.147
1118     0.294
1119     0.378
1120     0.426
1121     0.262
1122     0.221
1123     0.323
1124     0.339
1125     0.342
1126     0.634
1127     0.472
1128     0.384
1129     0.323
1130     0.365
1131     0.454
1132     0.528
1133     0.310
1134     0.351
1135     0.278
1136     0.159
1137     0.280
1138     0.309
1139     0.296
1140     0.338
1141     0.291
1142     0.280
1143     0.460
1144     0.303
1145     0.436
1146     0.328
1147     0.336
1148     0.221
1149     0.325
1150     0.432
1151     0.485
1152     0.481
1153     0.388
1154     0.456
1155     0.301
1156     0.223
1157     0.404
1158     0.307
1159     0.339
1160     0.331
1161     0.162
1162     0.195
1163     0.227
1164     0.249
1165     0.322
1166     0.394
1167     0.338
1168     0.411
1169     0.433
1170     0.521
1171     0.447
1172     0.394
1173     0.441
1174     0.318
1175    -0.208
1176    -0.400
1177    -0.169
1178    -0.032
1179     0.074
1180     0.221
1181     0.227
1182     0.310
1183     0.243
1184     0.264
1185     0.127
1186     0.365
1187     0.323
1188     0.367
1189     0.314
1190     0.439
1191     0.446
1192     0.488
1193     0.392
1194     0.246
1195     0.145
1196    -0.017
1197     0.150
1198     0.400
1199     0.415
1200     0.264
1201     0.542
1202     0.481
1203     0.445
1204     0.583
1205     0.412
1206     0.216
1207     0.348
1208     0.502
1209     0.341
1210     0.468
1211     0.580
1212     0.406
1213     0.365
1214     0.323
1215     0.327
1216     0.370
1217     0.441
1218     0.483
1219     0.496
1220     0.424
1221     0.456
1222     0.371
1223     0.384
1224     0.322
1225     0.345
1226     0.514
1227     0.184
1228    -0.023
1229    -0.225
1230    -0.304
1231    -0.260
1232     0.165
1233     0.029
1234     0.222
1235     0.377
1236     0.321
1237     0.437
1238     0.488
1239     0.477
1240     0.370
1241     0.336
1242     0.317
1243     0.158
1244     0.219
1245     0.076
1246     0.040
1247     0.327
1248     0.280
1249     0.181
1250     0.280
1251     0.415
1252     0.365
1253     0.408
1254     0.214
1255     0.168
1256     0.090
1257     0.240
1258     0.256
1259    -0.714
1260    -1.135
1261    -0.868
1262    -0.440
1263    -0.289
1264    -0.229
1265    -0.223
1266     0.066
1267     0.080
1268    -0.015
1269     0.137
1270    -0.006
1271     0.069
1272     0.060
1273    -0.027
1274    -0.013
1275    -0.001
1276    -0.042
1277     0.116
1278     0.234
1279     0.253
1280     0.131
1281     0.101
1282     0.162
1283     0.098
1284     0.249
1285     0.017
1286    -0.298
1287    -0.109
1288    -0.043
1289     0.085
1290     0.049
1291     0.055
1292     0.110
1293    -0.042
1294    -0.083
1295    -0.019
1296    -0.176
1297    -0.037
1298     0.127
1299     0.093
1300     0.139
1301     0.097
1302    -0.137
1303     0.140
1304     0.255
1305     0.203
1306     0.296
1307     0.349
1308     0.286
1309     0.264
1310     0.043
1311    -0.051
1312     0.094
1313     0.227
1314     0.171
1315     0.149
1316     0.192
1317     0.055
1318     0.337
1319     0.370
1320     0.122
1321     0.288
1322     0.076
1323     0.320
1324     0.123
1325     0.265
1326     0.214
1327     0.133
1328     0.168
1329    -0.155
1330    -0.352
1331    -0.085
1332     0.096
1333    -0.066
1334     0.050
1335     0.016
1336     0.035
1337     0.035
1338     0.188
1339     0.041
1340     0.138
1341     0.324
1342     0.303
1343     0.298
1344     0.086
1345    -0.119
1346    -0.114
1347    -0.128
1348     0.040
1349    -0.017
1350    -0.035
1351     0.003
1352    -0.154
1353     0.053
1354     0.258
1355     0.100
1356     0.089
1357     0.086
1358     0.094
1359    -0.205
1360     0.144
1361     0.109
1362     0.227
1363     0.148
1364     0.054
1365     0.023
1366     0.258
1367     0.189
1368    -0.051
1369     0.214
1370     0.065
1371     0.214
1372     0.160
1373     0.086
1374     0.065
1375     0.016
1376     0.203
1377     0.186
1378     0.372
1379     0.271
1380     0.326
1381     0.397
1382     0.419
1383     0.493
1384     0.509
1385     0.501
1386     0.325
1387     0.327
1388     0.191
1389     0.112
1390    -0.026
1391     0.183
1392     0.155
1393     0.374
1394     0.419
1395     0.310
1396     0.294
1397     0.184
1398     0.242
1399     0.349
1400     0.355
1401     0.402
1402     0.163
1403     0.179
1404     0.245
1405     0.326
1406     0.285
1407     0.341
1408     0.117
1409     0.228
1410     0.236
1411     0.153
1412     0.283
1413     0.177
1414     0.175
1415     0.139
1416     0.229
1417     0.108
1418     0.266
1419     0.234
1420     0.315
1421     0.262
1422     0.274
1423    -0.008
1424     0.019
1425     0.159
1426     0.258
1427     0.341
1428     0.253
1429     0.196
1430     0.068
1431     0.040
1432     0.019
1433     0.040
1434    -0.085
1435    -0.036
1436    -0.213
1437    -0.030
1438    -0.034
1439     0.058
1440     0.070
1441     0.087
1442     0.125
1443     0.153
1444     0.116
1445    -0.312
1446    -0.079
1447    -0.058
1448    -0.094
1449     0.102
1450     0.072
1451     0.129
1452    -0.127
1453    -0.352
1454    -0.570
1455    -0.372
1456    -0.237
1457    -0.161
1458    -0.151
1459    -0.622
1460    -1.057
1461    -0.868
1462    -0.683
1463    -0.397
1464    -0.410
1465    -0.429
1466    -0.420
1467    -0.280
1468    -0.183
1469    -0.006
1470     0.034
1471     0.104
1472    -0.092
1473    -0.003
1474     0.002
1475    -0.100
1476     0.095
1477     0.027
1478     0.071
1479     0.059
1480     0.091
1481    -0.013
1482    -0.106
1483    -0.245
1484    -0.322
1485    -0.189
1486    -0.228
1487    -0.127
1488    -0.164
1489    -0.125
1490     0.059
1491    -0.177
1492     0.023
1493     0.050
1494    -0.028
1495    -0.079
1496    -0.201
1497    -0.334
1498    -0.273
1499    -0.294
1500    -0.318
1501    -0.226
1502    -0.239
1503    -0.011
1504    -0.301
1505    -0.393
1506    -0.433
1507    -0.309
1508    -0.215
1509    -0.218
1510    -0.246
1511    -0.219
1512    -0.050
1513    -0.206
1514    -0.101
1515    -0.349
1516    -0.032
1517     0.067
1518     0.131
1519    -0.060
1520     0.122
1521     0.182
1522    -0.032
1523    -0.184
1524    -0.072
1525     0.027
1526     0.101
1527    -0.155
1528    -0.368
1529    -0.240
1530     0.067
1531    -0.063
1532    -0.238
1533    -0.150
1534    -0.318
1535    -0.236
1536    -0.284
1537    -0.169
1538    -0.083
1539     0.144
1540     0.088
1541     0.077
1542     0.216
1543    -0.064
1544     0.034
1545     0.002
1546    -0.003
1547     0.140
1548     0.046
1549     0.016
1550     0.074
1551     0.082
1552    -0.088
1553    -0.005
1554    -0.024
1555     0.110
1556     0.103
1557     0.135
1558     0.072
1559    -0.052
1560    -0.109
1561    -0.054
1562    -0.044
1563    -0.018
1564    -0.150
1565    -0.437
1566    -0.286
1567    -0.048
1568    -0.025
1569     0.159
1570     0.056
1571    -0.036
1572    -0.150
1573     0.016
1574    -0.003
1575    -0.013
1576    -0.033
1577     0.075
1578    -0.203
1579     0.013
1580     0.059
1581     0.068
1582     0.091
1583     0.157
1584     0.244
1585     0.108
1586     0.197
1587    -0.265
1588    -0.469
1589    -0.438
1590    -0.384
1591    -0.242
1592    -0.261
1593    -0.241
1594     0.048
1595     0.001
1596    -0.084
1597     0.160
1598     0.033
1599    -0.135
1600    -0.074
1601    -0.533
1602    -0.865
1603    -0.779
1604    -0.329
1605    -0.294
1606    -0.218
1607    -0.207
1608    -0.223
1609    -0.378
1610    -0.087
1611     0.013
1612    -0.007
1613    -0.088
1614    -0.215
1615    -0.096
1616     0.051
1617     0.261
1618     0.155
1619     0.141
1620     0.231
1621     0.093
1622    -0.178
1623    -0.288
1624    -0.285
1625    -0.100
1626     0.033
1627     0.064
1628     0.060
1629     0.004
1630     0.108
1631     0.104
1632     0.154
1633     0.117
1634    -0.012
1635    -0.130
1636    -0.092
1637     0.078
1638     0.005
1639     0.199
1640     0.095
1641    -0.215
1642    -0.452
1643    -0.447
1644    -0.374
1645    -0.334
1646    -0.348
1647    -0.125
1648    -0.188
1649    -0.057
1650    -0.095
1651    -0.093
1652    -0.087
1653    -0.188
1654     0.036
1655    -0.046
1656     0.062
1657    -0.070
1658    -0.159
1659    -0.079
1660    -0.047
1661    -0.076
1662    -0.163
1663    -0.025
1664    -0.077
1665    -0.203
1666    -0.346
1667    -0.330
1668    -0.493
1669    -0.260
1670    -0.226
1671    -0.017
1672     0.061
1673     0.005
1674    -0.368
1675    -0.397
1676    -0.258
1677    -0.318
1678    -0.178
1679    -0.215
1680    -0.033
1681    -0.353
1682    -0.341
1683    -0.269
1684    -0.154
1685    -0.112
1686    -0.299
1687    -0.181
1688    -0.024
1689    -0.126
1690     0.037
1691    -0.005
1692     0.032
1693     0.178
1694     0.022
1695    -0.525
1696    -0.321
1697    -0.313
1698    -0.202
1699    -0.202
1700    -0.109
1701    -0.273
1702    -0.297
1703    -0.371
1704    -0.219
1705    -0.119
1706     0.007
1707    -0.076
1708     0.094
1709    -0.233
1710    -0.042
1711    -0.191
1712    -0.172
1713    -0.095
1714    -0.061
1715    -0.075
1716    -0.126
1717    -0.150
1718    -0.389
1719    -0.250
1720    -0.229
1721    -0.364
1722    -0.383
1723    -0.356
1724    -0.448
1725    -0.081
1726     0.111
1727     0.098
1728     0.029
1729    -0.045
1730    -0.037
1731    -0.119
1732     0.017
1733     0.057
1734    -0.025
1735    -0.031
1736     0.058
1737     0.064
1738     0.002
1739     0.048
1740     0.170
1741     0.123
1742     0.148
1743     0.201
1744     0.150
1745     0.136
1746     0.347
1747     0.189
1748     0.161
1749     0.097
1750     0.123
1751    -0.127
1752     0.191
1753     0.077
1754     0.048
1755     0.388
1756     0.301
1757     0.253
1758     0.065
1759     0.244
1760     0.148
1761     0.115
1762     0.207
1763     0.182
1764     0.320
1765     0.014
1766     0.234
1767     0.284
1768     0.346
1769     0.399
1770     0.366
1771     0.222
1772     0.108
1773     0.312
1774     0.195
1775     0.170
1776     0.236
1777     0.277
1778     0.152
1779    -0.025
1780     0.096
1781     0.224
1782     0.405
1783     0.037
1784     0.057
1785     0.096
1786     0.246
1787     0.190
1788     0.226
1789     0.103
1790    -0.026
1791    -0.142
1792     0.158
1793     0.237
1794     0.056
1795     0.030
1796     0.286
1797     0.107
1798    -0.049
1799    -0.031
1800    -0.046
1801    -0.165
1802     0.068
1803     0.326
1804     0.364
1805     0.182
1806     0.110
1807     0.227
1808     0.252
1809    -0.264
1810    -0.360
1811    -0.142
1812    -0.203
1813     0.102
1814     0.011
1815    -0.590
1816    -0.582
1817    -0.446
1818    -0.482
1819    -0.475
1820    -0.270
1821    -0.175
1822    -0.248
1823    -0.288
1824    -0.032
1825    -0.064
1826    -0.041
1827     0.088
1828    -0.004
1829     0.088
1830     0.098
1831    -0.396
1832    -0.360
1833    -0.254
1834    -0.026
1835     0.014
1836    -0.013
1837     0.226
1838     0.322
1839     0.102
1840     0.297
1841     0.049
1842     0.197
1843     0.082
1844     0.208
1845     0.054
1846     0.052
1847     0.052
1848     0.274
1849     0.188
1850     0.198
1851     0.416
1852     0.269
1853     0.255
1854     0.164
1855     0.378
1856     0.299
1857     0.382
1858     0.234
1859     0.440
1860     0.223
1861     0.308
1862     0.278
1863     0.397
1864     0.388
1865     0.132
1866     0.211
1867     0.296
1868     0.514
1869     0.605
1870     0.537
1871     0.306
1872     0.475
1873     0.490
1874     0.408
1875     0.310
1876     0.324
1877     0.271
1878     0.338
1879     0.377
1880     0.384
1881     0.476
1882     0.375
1883    -0.079
1884    -0.071
1885     0.072
1886     0.268
1887     0.223
1888     0.204
1889     0.417
1890     0.649
1891     0.633
1892     0.241
1893     0.407
1894     0.485
1895     0.524
1896     0.465
1897     0.668
1898     0.779
1899     0.713
1900     0.559
1901     0.544
1902     0.216
1903     0.077
1904     0.089
1905     0.230
1906     0.183
1907     0.063
1908     0.330
1909     0.298
1910     0.371
1911     0.474
1912     0.325
1913     0.393
1914     0.185
1915     0.438
1916     0.312
1917     0.420
1918     0.310
1919     0.325
1920     0.575
1921     0.518
1922     0.518
1923     0.278
1924     0.322
1925     0.316
1926     0.298
1927     0.304
1928     0.281
1929     0.459
1930     0.485
1931     0.623
1932     0.531
1933     0.520
1934     0.364
1935     0.531
1936     0.598
1937     0.601
1938     0.649
1939     0.758
1940     0.819
1941     0.752
1942     0.720
1943     0.918
1944     0.888
1945     0.828
1946     0.876
1947     1.055
1948     0.997
1949     1.041
1950     0.782
1951     0.993
1952     1.097
1953     0.955
1954     1.018
1955     1.107
1956     0.950
1957     1.026
1958     0.750
1959     0.924
1960     1.243
1961     0.996
1962     1.244
1963     1.242
1964     1.077
1965     0.913
1966     0.856
1967     0.850
1968     0.874
1969     0.992
1970     1.045
1971     1.003
1972     1.166
1973     1.062
1974     1.132
1975     1.231
1976     1.238
1977     1.310
1978     1.268
1979     1.233
1980     1.268
1981     1.304
1982     1.365
1983     1.114
1984     0.928
1985     1.122
1986     1.144
1987     1.101
1988     1.129
1989     1.309
1990     1.382
