Year     Value
1075     0.164
1076     0.164
1077     0.164
1078     0.164
1079     0.164
1080     0.164
1081     0.164
1082     0.164
1083     0.164
1084     0.164
1085     0.164
1086     0.154
1087     0.154
1088     0.154
1089     0.154
1090     0.154
1091     0.164
1092     0.164
1093     0.164
1094     0.164
1095     0.164
1096     0.164
1097     0.164
1098     0.164
1099     0.164
1100     0.174
1101     0.174
1102     0.174
1103     0.174
1104     0.174
1105     0.174
1106     0.184
1107     0.184
1108     0.184
1109     0.184
1110     0.184
1111     0.184
1112     0.184
1113     0.194
1114     0.194
1115     0.204
1116     0.204
1117     0.204
1118     0.214
1119     0.214
1120     0.214
1121     0.214
1122     0.224
1123     0.224
1124     0.224
1125     0.224
1126     0.224
1127     0.234
1128     0.234
1129     0.234
1130     0.234
1131     0.234
1132     0.244
1133     0.244
1134     0.244
1135     0.244
1136     0.244
1137     0.244
1138     0.244
1139     0.244
1140     0.254
1141     0.254
1142     0.254
1143     0.254
1144     0.254
1145     0.254
1146     0.254
1147     0.254
1148     0.254
1149     0.254
1150     0.254
1151     0.254
1152     0.254
1153     0.254
1154     0.254
1155     0.254
1156     0.254
1157     0.254
1158     0.254
1159     0.244
1160     0.234
1161     0.224
1162     0.214
1163     0.204
1164     0.194
1165     0.194
1166     0.184
1167     0.184
1168     0.174
1169     0.174
1170     0.164
1171     0.164
1172     0.164
1173     0.154
1174     0.154
1175     0.154
1176     0.154
1177     0.144
1178     0.144
1179     0.144
1180     0.134
1181     0.134
1182     0.124
1183     0.124
1184     0.124
1185     0.124
1186     0.124
1187     0.124
1188     0.114
1189     0.114
1190     0.114
1191     0.124
1192     0.134
1193     0.144
1194     0.144
1195     0.154
1196     0.154
1197     0.154
1198     0.164
1199     0.164
1200     0.164
1201     0.164
1202     0.174
1203     0.174
1204     0.174
1205     0.174
1206     0.174
1207     0.174
1208     0.174
1209     0.174
1210     0.184
1211     0.184
1212     0.194
1213     0.194
1214     0.184
1215     0.174
1216     0.174
1217     0.164
1218     0.164
1219     0.154
1220     0.154
1221     0.154
1222     0.154
1223     0.154
1224     0.154
1225     0.154
1226     0.154
1227     0.154
1228     0.154
1229     0.154
1230     0.154
1231     0.154
1232     0.154
1233     0.154
1234     0.154
1235     0.154
1236     0.144
1237     0.144
1238     0.144
1239     0.144
1240     0.144
1241     0.144
1242     0.144
1243     0.144
1244     0.124
1245     0.114
1246     0.104
1247     0.094
1248     0.084
1249     0.084
1250     0.074
1251     0.074
1252     0.064
1253     0.064
1254     0.054
1255     0.054
1256     0.044
1257     0.044
1258     0.044
1259     0.034
1260     0.024
1261     0.024
1262     0.014
1263     0.004
1264     0.004
1265    -0.006
1266    -0.006
1267    -0.016
1268    -0.016
1269    -0.026
1270    -0.036
1271    -0.046
1272    -0.056
1273    -0.056
1274    -0.066
1275    -0.056
1276    -0.036
1277    -0.026
1278    -0.016
1279    -0.006
1280    -0.006
1281    -0.006
1282    -0.006
1283    -0.006
1284    -0.016
1285    -0.016
1286    -0.016
1287    -0.016
1288    -0.016
1289    -0.016
1290    -0.016
1291    -0.016
1292    -0.006
1293    -0.006
1294     0.004
1295     0.004
1296     0.004
1297     0.004
1298     0.004
1299     0.004
1300     0.004
1301     0.014
1302     0.014
1303     0.024
1304     0.024
1305     0.034
1306     0.034
1307     0.034
1308     0.034
1309     0.034
1310     0.044
1311     0.044
1312     0.054
1313     0.064
1314     0.064
1315     0.054
1316     0.054
1317     0.054
1318     0.054
1319     0.054
1320     0.054
1321     0.054
1322     0.054
1323     0.054
1324     0.054
1325     0.054
1326     0.064
1327     0.064
1328     0.064
1329     0.064
1330     0.054
1331     0.054
1332     0.054
1333     0.044
1334     0.044
1335     0.044
1336     0.044
1337     0.044
1338     0.044
1339     0.044
1340     0.044
1341     0.044
1342     0.044
1343     0.044
1344     0.044
1345     0.044
1346     0.054
1347     0.054
1348     0.064
1349     0.064
1350     0.064
1351     0.074
1352     0.074
1353     0.074
1354     0.074
1355     0.084
1356     0.084
1357     0.084
1358     0.084
1359     0.084
1360     0.084
1361     0.094
1362     0.094
1363     0.104
1364     0.104
1365     0.104
1366     0.104
1367     0.114
1368     0.114
1369     0.114
1370     0.114
1371     0.124
1372     0.124
1373     0.124
1374     0.124
1375     0.124
1376     0.124
1377     0.124
1378     0.124
1379     0.124
1380     0.124
1381     0.124
1382     0.124
1383     0.124
1384     0.124
1385     0.124
1386     0.124
1387     0.124
1388     0.124
1389     0.124
1390     0.124
1391     0.124
1392     0.124
1393     0.124
1394     0.124
1395     0.124
1396     0.124
1397     0.124
1398     0.124
1399     0.114
1400     0.114
1401     0.114
1402     0.114
1403     0.114
1404     0.114
1405     0.114
1406     0.114
1407     0.114
1408     0.114
1409     0.114
1410     0.114
1411     0.114
1412     0.114
1413     0.114
1414     0.114
1415     0.104
1416     0.104
1417     0.104
1418     0.104
1419     0.104
1420     0.104
1421     0.094
1422     0.094
1423     0.094
1424     0.094
1425     0.094
1426     0.084
1427     0.084
1428     0.084
1429     0.084
1430     0.084
1431     0.084
1432     0.074
1433     0.074
1434     0.074
1435     0.074
1436     0.064
1437     0.064
1438     0.054
1439     0.044
1440     0.034
1441     0.034
1442     0.024
1443     0.014
1444     0.004
1445    -0.006
1446    -0.026
1447    -0.046
1448    -0.056
1449    -0.066
1450    -0.076
1451    -0.076
1452    -0.086
1453    -0.096
1454    -0.106
1455    -0.106
1456    -0.116
1457    -0.116
1458    -0.126
1459    -0.126
1460    -0.136
1461    -0.136
1462    -0.146
1463    -0.146
1464    -0.146
1465    -0.146
1466    -0.156
1467    -0.156
1468    -0.166
1469    -0.156
1470    -0.156
1471    -0.156
1472    -0.146
1473    -0.146
1474    -0.146
1475    -0.136
1476    -0.126
1477    -0.116
1478    -0.106
1479    -0.096
1480    -0.086
1481    -0.086
1482    -0.076
1483    -0.076
1484    -0.066
1485    -0.066
1486    -0.066
1487    -0.056
1488    -0.056
1489    -0.056
1490    -0.056
1491    -0.046
1492    -0.046
1493    -0.046
1494    -0.046
1495    -0.046
1496    -0.046
1497    -0.036
1498    -0.036
1499    -0.036
1500    -0.026
1501    -0.026
1502    -0.026
1503    -0.026
1504    -0.026
1505    -0.016
1506    -0.016
1507    -0.016
1508    -0.016
1509    -0.016
1510    -0.016
1511    -0.016
1512    -0.016
1513    -0.016
1514    -0.016
1515    -0.026
1516    -0.026
1517    -0.026
1518    -0.026
1519    -0.026
1520    -0.026
1521    -0.026
1522    -0.026
1523    -0.026
1524    -0.026
1525    -0.026
1526    -0.026
1527    -0.026
1528    -0.026
1529    -0.026
1530    -0.026
1531    -0.026
1532    -0.026
1533    -0.026
1534    -0.026
1535    -0.026
1536    -0.026
1537    -0.026
1538    -0.026
1539    -0.026
1540    -0.036
1541    -0.036
1542    -0.036
1543    -0.026
1544    -0.026
1545    -0.016
1546    -0.016
1547    -0.016
1548    -0.016
1549    -0.016
1550    -0.016
1551    -0.026
1552    -0.026
1553    -0.026
1554    -0.026
1555    -0.026
1556    -0.026
1557    -0.026
1558    -0.026
1559    -0.036
1560    -0.036
1561    -0.036
1562    -0.036
1563    -0.036
1564    -0.036
1565    -0.036
1566    -0.036
1567    -0.036
1568    -0.036
1569    -0.036
1570    -0.036
1571    -0.036
1572    -0.036
1573    -0.046
1574    -0.056
1575    -0.066
1576    -0.066
1577    -0.076
1578    -0.076
1579    -0.076
1580    -0.076
1581    -0.076
1582    -0.076
1583    -0.076
1584    -0.066
1585    -0.066
1586    -0.076
1587    -0.086
1588    -0.086
1589    -0.096
1590    -0.096
1591    -0.106
1592    -0.106
1593    -0.106
1594    -0.106
1595    -0.106
1596    -0.106
1597    -0.106
1598    -0.116
1599    -0.116
1600    -0.126
1601    -0.126
1602    -0.136
1603    -0.126
1604    -0.116
1605    -0.106
1606    -0.106
1607    -0.106
1608    -0.106
1609    -0.106
1610    -0.106
1611    -0.106
1612    -0.106
1613    -0.106
1614    -0.106
1615    -0.106
1616    -0.106
1617    -0.096
1618    -0.086
1619    -0.076
1620    -0.066
1621    -0.056
1622    -0.056
1623    -0.056
1624    -0.046
1625    -0.046
1626    -0.046
1627    -0.056
1628    -0.066
1629    -0.066
1630    -0.066
1631    -0.066
1632    -0.066
1633    -0.066
1634    -0.066
1635    -0.066
1636    -0.066
1637    -0.066
1638    -0.056
1639    -0.056
1640    -0.046
1641    -0.046
1642    -0.046
1643    -0.046
1644    -0.046
1645    -0.046
1646    -0.036
1647    -0.036
1648    -0.036
1649    -0.036
1650    -0.046
1651    -0.046
1652    -0.046
1653    -0.056
1654    -0.056
1655    -0.056
1656    -0.066
1657    -0.056
1658    -0.046
1659    -0.046
1660    -0.046
1661    -0.046
1662    -0.046
1663    -0.056
1664    -0.056
1665    -0.056
1666    -0.056
1667    -0.066
1668    -0.066
1669    -0.076
1670    -0.076
1671    -0.086
1672    -0.086
1673    -0.086
1674    -0.096
1675    -0.096
1676    -0.096
1677    -0.096
1678    -0.106
1679    -0.106
1680    -0.116
1681    -0.126
1682    -0.126
1683    -0.136
1684    -0.136
1685    -0.136
1686    -0.136
1687    -0.136
1688    -0.136
1689    -0.136
1690    -0.136
1691    -0.126
1692    -0.126
1693    -0.126
1694    -0.126
1695    -0.116
1696    -0.116
1697    -0.116
1698    -0.106
1699    -0.106
1700    -0.096
1701    -0.096
1702    -0.086
1703    -0.086
1704    -0.086
1705    -0.086
1706    -0.076
1707    -0.076
1708    -0.076
1709    -0.066
1710    -0.066
1711    -0.056
1712    -0.046
1713    -0.036
1714    -0.036
1715    -0.036
1716    -0.036
1717    -0.036
1718    -0.026
1719    -0.026
1720    -0.026
1721    -0.026
1722    -0.016
1723    -0.016
1724    -0.016
1725    -0.016
1726    -0.016
1727    -0.006
1728    -0.006
1729    -0.006
1730    -0.006
1731     0.004
1732     0.004
1733     0.004
1734     0.004
1735     0.014
1736     0.014
1737     0.014
1738     0.024
1739     0.024
1740     0.024
1741     0.034
1742     0.034
1743     0.034
1744     0.044
1745     0.044
1746     0.054
1747     0.064
1748     0.064
1749     0.074
1750     0.074
1751     0.074
1752     0.084
1753     0.084
1754     0.084
1755     0.094
1756     0.104
1757     0.104
1758     0.114
1759     0.114
1760     0.114
1761     0.124
1762     0.124
1763     0.124
1764     0.134
1765     0.134
1766     0.134
1767     0.144
1768     0.144
1769     0.134
1770     0.134
1771     0.134
1772     0.134
1773     0.144
1774     0.144
1775     0.144
1776     0.144
1777     0.144
1778     0.144
1779     0.144
1780     0.144
1781     0.144
1782     0.144
1783     0.144
1784     0.144
1785     0.144
1786     0.144
1787     0.144
1788     0.144
1789     0.144
1790     0.144
1791     0.144
1792     0.144
1793     0.144
1794     0.134
1795     0.124
1796     0.114
1797     0.104
1798     0.104
1799     0.094
1800     0.094
1801     0.074
1802     0.064
1803     0.054
1804     0.044
1805     0.044
1806     0.034
1807     0.034
1808     0.024
1809     0.024
1810     0.014
1811     0.014
1812     0.004
1813     0.004
1814     0.004
1815    -0.006
1816    -0.016
1817    -0.026
1818    -0.036
1819    -0.046
1820    -0.056
1821    -0.066
1822    -0.076
1823    -0.076
1824    -0.086
1825    -0.086
1826    -0.076
1827    -0.076
1828    -0.066
1829    -0.066
1830    -0.066
1831    -0.066
1832    -0.046
1833    -0.036
1834    -0.026
1835    -0.026
1836    -0.016
1837    -0.006
1838    -0.006
1839     0.004
1840     0.004
1841     0.004
1842     0.014
1843     0.014
1844     0.014
1845     0.014
1846     0.024
1847     0.034
1848     0.044
1849     0.054
1850     0.064
1851     0.074
1852     0.084
1853     0.094
1854     0.104
1855     0.114
1856     0.124
1857     0.124
1858     0.134
1859     0.144
1860     0.154
1861     0.154
1862     0.164
1863     0.164
1864     0.174
1865     0.174
1866     0.174
1867     0.184
1868     0.184
1869     0.174
1870     0.174
1871     0.174
1872     0.174
1873     0.174
1874     0.174
1875     0.174
1876     0.174
1877     0.174
1878     0.174
1879     0.174
1880     0.174
1881     0.174
1882     0.174
1883     0.174
1884     0.174
1885     0.174
1886     0.174
1887     0.164
1888     0.154
1889     0.154
1890     0.144
1891     0.144
1892     0.144
1893     0.134
1894     0.134
1895     0.134
1896     0.124
1897     0.124
1898     0.114
1899     0.114
1900     0.114
1901     0.114
1902     0.114
1903     0.114
1904     0.114
1905     0.114
1906     0.124
1907     0.124
1908     0.124
1909     0.114
1910     0.114
1911     0.114
1912     0.114
1913     0.114
1914     0.114
1915     0.114
1916     0.104
1917     0.104
1918     0.114
1919     0.124
1920     0.124
1921     0.134
1922     0.134
1923     0.144
1924     0.144
1925     0.154
1926     0.154
1927     0.164
1928     0.174
1929     0.174
1930     0.184
1931     0.194
1932     0.204
1933     0.204
1934     0.214
1935     0.224
1936     0.224
1937     0.234
1938     0.244
1939     0.244
1940     0.254
1941     0.264
1942     0.264
1943     0.274
1944     0.284
1945     0.294
1946     0.294
1947     0.304
1948     0.304
1949     0.314
1950     0.314
1951     0.314
1952     0.314
1953     0.314
1954     0.314
1955     0.314
1956     0.314
1957     0.324
1958     0.324
1959     0.324
1960     0.324
1961     0.324
1962     0.324
1963     0.334
1964     0.334
1965     0.334
1966     0.344
1967     0.344
1968     0.344
1969     0.334
1970     0.334
1971     0.334
1972     0.344
1973     0.344
1974     0.344
1975     0.354
1976     0.354
1977     0.354
1978     0.354
1979     0.354
1980     0.354
1981     0.364
1982     0.374
1983     0.384
1984     0.394
1985     0.394
1986     0.404
1987     0.404
1988     0.414
1989     0.414
1990     0.414
1991     0.424
1992     0.424
1993     0.424
1994     0.434
1995     0.434
1996     0.434
1997     0.434
1998     0.434
1999     0.444
