Year     Value
1001     0.117
1002     0.101
1003     0.171
1004     0.079
1005     0.108
1006     0.118
1007     0.103
1008     0.102
1009     0.107
1010     0.125
1011     0.096
1012     0.090
1013     0.087
1014     0.090
1015    -0.075
1016    -0.032
1017     0.026
1018     0.053
1019     0.081
1020     0.079
1021     0.095
1022     0.070
1023     0.083
1024     0.019
1025     0.086
1026    -0.167
1027    -0.097
1028     0.012
1029     0.005
1030     0.063
1031     0.063
1032     0.080
1033     0.038
1034     0.044
1035     0.097
1036     0.079
1037     0.113
1038     0.061
1039     0.035
1040     0.047
1041     0.066
1042     0.101
1043     0.041
1044     0.069
1045     0.058
1046     0.023
1047     0.075
1048     0.070
1049     0.081
1050     0.082
1051     0.059
1052     0.086
1053     0.098
1054     0.027
1055     0.041
1056     0.038
1057     0.046
1058    -0.262
1059    -0.179
1060    -0.032
1061    -0.012
1062    -0.057
1063    -0.060
1064     0.032
1065     0.031
1066     0.074
1067     0.015
1068     0.102
1069     0.095
1070     0.038
1071     0.104
1072     0.085
1073     0.069
1074     0.067
1075     0.115
1076     0.097
1077     0.072
1078     0.079
1079     0.125
1080     0.089
1081     0.090
1082     0.079
1083     0.097
1084     0.129
1085     0.110
1086     0.173
1087     0.169
1088     0.079
1089     0.077
1090     0.138
1091     0.144
1092     0.169
1093     0.134
1094     0.149
1095     0.148
1096     0.118
1097     0.044
1098     0.081
1099     0.161
1100     0.122
1101     0.105
1102     0.101
1103     0.117
1104     0.131
1105     0.106
1106     0.162
1107     0.167
1108     0.179
1109     0.193
1110     0.213
1111     0.168
1112     0.185
1113     0.183
1114     0.172
1115     0.196
1116     0.113
1117     0.149
1118     0.156
1119     0.204
1120     0.233
1121     0.203
1122     0.204
1123     0.192
1124     0.171
1125     0.203
1126     0.197
1127     0.204
1128     0.160
1129     0.187
1130     0.194
1131     0.203
1132     0.195
1133     0.262
1134     0.252
1135     0.219
1136     0.211
1137     0.259
1138     0.267
1139     0.238
1140     0.233
1141     0.183
1142     0.211
1143     0.209
1144     0.244
1145     0.194
1146     0.250
1147     0.186
1148     0.197
1149     0.246
1150     0.199
1151     0.207
1152     0.201
1153     0.195
1154     0.243
1155     0.260
1156     0.236
1157     0.202
1158     0.214
1159     0.178
1160     0.191
1161     0.220
1162     0.193
1163     0.218
1164     0.196
1165     0.248
1166     0.136
1167     0.110
1168     0.169
1169     0.177
1170     0.194
1171     0.224
1172     0.243
1173     0.211
1174     0.236
1175    -0.234
1176    -0.123
1177    -0.008
1178     0.049
1179     0.129
1180     0.140
1181     0.121
1182     0.174
1183     0.169
1184     0.166
1185     0.200
1186     0.194
1187     0.110
1188     0.167
1189     0.193
1190     0.183
1191     0.185
1192     0.194
1193     0.206
1194     0.080
1195     0.097
1196     0.172
1197     0.115
1198     0.174
1199     0.136
1200     0.216
1201     0.204
1202     0.209
1203     0.226
1204     0.225
1205     0.092
1206     0.115
1207     0.193
1208     0.171
1209     0.249
1210     0.177
1211     0.220
1212     0.191
1213     0.158
1214     0.205
1215     0.218
1216     0.197
1217     0.241
1218     0.177
1219     0.194
1220     0.215
1221     0.255
1222     0.242
1223     0.197
1224     0.182
1225     0.203
1226     0.235
1227     0.218
1228     0.190
1229    -0.100
1230    -0.056
1231     0.056
1232     0.110
1233     0.144
1234     0.133
1235     0.130
1236     0.148
1237     0.165
1238     0.202
1239     0.181
1240     0.192
1241     0.172
1242     0.174
1243     0.194
1244     0.138
1245     0.177
1246     0.173
1247     0.154
1248     0.174
1249     0.149
1250     0.230
1251     0.219
1252     0.213
1253     0.183
1254     0.174
1255     0.182
1256     0.157
1257     0.152
1258     0.127
1259    -0.662
1260    -0.477
1261    -0.222
1262    -0.100
1263     0.033
1264     0.065
1265     0.058
1266     0.090
1267     0.080
1268     0.146
1269     0.127
1270     0.160
1271     0.125
1272     0.153
1273     0.124
1274     0.135
1275    -0.031
1276     0.015
1277     0.066
1278     0.091
1279     0.145
1280     0.132
1281     0.145
1282     0.159
1283     0.115
1284     0.099
1285    -0.128
1286    -0.048
1287     0.021
1288     0.029
1289     0.057
1290     0.113
1291     0.158
1292     0.149
1293     0.125
1294     0.143
1295    -0.132
1296    -0.055
1297     0.080
1298     0.079
1299     0.085
1300     0.098
1301     0.092
1302     0.118
1303     0.102
1304     0.115
1305     0.080
1306     0.152
1307     0.085
1308     0.093
1309     0.070
1310     0.100
1311     0.119
1312     0.075
1313     0.156
1314     0.128
1315     0.087
1316     0.127
1317     0.112
1318     0.130
1319     0.123
1320     0.172
1321     0.143
1322     0.143
1323     0.152
1324     0.129
1325     0.167
1326     0.126
1327     0.138
1328     0.120
1329    -0.095
1330    -0.060
1331     0.020
1332     0.031
1333     0.065
1334     0.049
1335     0.062
1336     0.116
1337     0.130
1338     0.141
1339     0.119
1340     0.136
1341     0.165
1342     0.127
1343     0.140
1344     0.135
1345    -0.071
1346    -0.008
1347     0.074
1348     0.107
1349     0.139
1350     0.163
1351     0.130
1352     0.158
1353     0.136
1354     0.126
1355     0.126
1356     0.109
1357     0.147
1358     0.127
1359     0.117
1360     0.104
1361     0.131
1362     0.125
1363     0.135
1364     0.091
1365     0.113
1366     0.089
1367     0.106
1368     0.149
1369     0.139
1370     0.160
1371     0.176
1372     0.144
1373     0.183
1374     0.168
1375     0.066
1376     0.092
1377     0.140
1378     0.133
1379     0.127
1380     0.112
1381     0.152
1382     0.153
1383     0.104
1384     0.093
1385     0.122
1386     0.175
1387     0.044
1388     0.040
1389     0.080
1390     0.107
1391     0.127
1392     0.143
1393     0.129
1394     0.187
1395     0.117
1396     0.091
1397     0.123
1398     0.120
1399     0.143
1400     0.141
1401     0.120
1402     0.134
1403     0.121
1404     0.102
1405     0.112
1406     0.147
1407     0.111
1408     0.101
1409     0.099
1410     0.073
1411     0.081
1412     0.124
1413     0.117
1414     0.088
1415     0.143
1416     0.113
1417     0.109
1418     0.139
1419     0.123
1420     0.079
1421     0.093
1422     0.091
1423     0.099
1424     0.115
1425     0.115
1426     0.103
1427     0.076
1428     0.084
1429     0.061
1430     0.086
1431     0.076
1432     0.101
1433     0.066
1434     0.056
1435     0.003
1436     0.024
1437     0.059
1438     0.041
1439     0.022
1440     0.045
1441    -0.013
1442     0.007
1443    -0.023
1444     0.023
1445    -0.014
1446    -0.026
1447    -0.005
1448     0.007
1449     0.018
1450     0.028
1451    -0.010
1452    -0.021
1453    -0.188
1454    -0.247
1455    -0.112
1456    -0.185
1457    -0.130
1458    -0.021
1459    -0.017
1460    -0.171
1461    -0.179
1462    -0.138
1463    -0.089
1464    -0.067
1465    -0.130
1466    -0.167
1467    -0.067
1468    -0.080
1469    -0.036
1470    -0.018
1471     0.004
1472    -0.035
1473    -0.033
1474    -0.013
1475     0.002
1476     0.011
1477    -0.012
1478     0.019
1479     0.073
1480    -0.022
1481     0.027
1482    -0.028
1483    -0.049
1484    -0.009
1485     0.029
1486    -0.001
1487     0.080
1488     0.048
1489     0.056
1490     0.049
1491     0.013
1492     0.074
1493     0.038
1494     0.031
1495     0.023
1496     0.046
1497     0.038
1498     0.065
1499     0.045
1500     0.014
1501     0.055
1502     0.053
1503     0.018
1504     0.011
1505     0.022
1506     0.033
1507     0.060
1508     0.036
1509     0.054
1510     0.058
1511     0.027
1512     0.023
1513     0.061
1514     0.065
1515     0.041
1516     0.030
1517     0.043
1518    -0.015
1519     0.022
1520    -0.002
1521     0.022
1522    -0.014
1523     0.009
1524    -0.004
1525    -0.046
1526    -0.027
1527    -0.040
1528     0.020
1529    -0.012
1530     0.008
1531     0.057
1532     0.008
1533     0.014
1534     0.038
1535     0.006
1536    -0.006
1537    -0.002
1538     0.011
1539     0.028
1540     0.052
1541     0.067
1542     0.027
1543    -0.002
1544    -0.006
1545     0.025
1546     0.013
1547    -0.005
1548     0.004
1549     0.006
1550     0.020
1551     0.023
1552     0.014
1553    -0.000
1554    -0.022
1555     0.022
1556    -0.051
1557     0.020
1558     0.014
1559     0.012
1560     0.008
1561     0.000
1562     0.003
1563    -0.011
1564    -0.071
1565    -0.088
1566    -0.019
1567    -0.029
1568    -0.059
1569    -0.073
1570    -0.067
1571     0.005
1572     0.007
1573    -0.023
1574    -0.022
1575    -0.036
1576    -0.026
1577     0.021
1578    -0.016
1579    -0.004
1580     0.034
1581    -0.000
1582     0.007
1583     0.017
1584     0.029
1585    -0.020
1586    -0.034
1587    -0.209
1588    -0.185
1589    -0.098
1590    -0.047
1591    -0.046
1592    -0.044
1593    -0.028
1594     0.011
1595     0.002
1596     0.056
1597     0.068
1598     0.074
1599     0.065
1600    -0.177
1601    -0.220
1602    -0.106
1603    -0.056
1604    -0.023
1605    -0.150
1606    -0.099
1607     0.016
1608    -0.003
1609     0.006
1610    -0.022
1611     0.036
1612     0.027
1613     0.048
1614     0.023
1615     0.022
1616     0.003
1617     0.052
1618     0.063
1619     0.063
1620    -0.066
1621    -0.024
1622    -0.024
1623     0.012
1624     0.075
1625    -0.005
1626     0.051
1627     0.043
1628     0.077
1629     0.031
1630     0.040
1631     0.054
1632    -0.006
1633     0.026
1634     0.049
1635     0.006
1636     0.012
1637    -0.016
1638    -0.020
1639    -0.024
1640    -0.026
1641    -0.170
1642    -0.266
1643    -0.146
1644    -0.102
1645    -0.043
1646    -0.038
1647    -0.088
1648    -0.037
1649     0.003
1650     0.028
1651     0.032
1652    -0.037
1653    -0.021
1654     0.010
1655    -0.042
1656     0.041
1657     0.024
1658     0.011
1659     0.036
1660     0.026
1661     0.016
1662    -0.028
1663     0.002
1664     0.023
1665    -0.025
1666    -0.064
1667    -0.120
1668    -0.147
1669    -0.075
1670    -0.057
1671    -0.061
1672    -0.026
1673    -0.064
1674    -0.154
1675    -0.094
1676    -0.067
1677    -0.028
1678    -0.056
1679    -0.084
1680    -0.168
1681    -0.133
1682    -0.078
1683    -0.080
1684    -0.047
1685    -0.042
1686    -0.031
1687    -0.026
1688    -0.016
1689    -0.069
1690    -0.025
1691    -0.045
1692     0.015
1693    -0.022
1694    -0.113
1695    -0.211
1696    -0.267
1697    -0.230
1698    -0.150
1699    -0.157
1700    -0.058
1701    -0.044
1702    -0.047
1703    -0.084
1704    -0.052
1705    -0.055
1706    -0.040
1707    -0.052
1708    -0.019
1709    -0.046
1710     0.006
1711    -0.002
1712    -0.058
1713    -0.026
1714    -0.075
1715    -0.003
1716    -0.020
1717    -0.009
1718     0.026
1719    -0.002
1720    -0.028
1721    -0.005
1722    -0.002
1723    -0.005
1724    -0.020
1725    -0.005
1726    -0.011
1727     0.030
1728     0.021
1729     0.023
1730     0.009
1731    -0.066
1732    -0.068
1733    -0.020
1734    -0.008
1735     0.003
1736     0.039
1737     0.041
1738     0.015
1739    -0.035
1740    -0.039
1741    -0.030
1742    -0.000
1743    -0.012
1744     0.008
1745    -0.003
1746     0.051
1747     0.035
1748     0.000
1749    -0.017
1750    -0.032
1751     0.018
1752     0.049
1753     0.045
1754     0.050
1755     0.040
1756     0.031
1757     0.029
1758     0.052
1759     0.064
1760     0.035
1761    -0.008
1762     0.031
1763     0.043
1764     0.018
1765     0.042
1766     0.078
1767     0.040
1768     0.046
1769     0.018
1770     0.064
1771     0.034
1772     0.073
1773     0.074
1774     0.071
1775     0.073
1776     0.062
1777     0.088
1778     0.065
1779     0.067
1780     0.045
1781     0.057
1782     0.071
1783     0.023
1784     0.052
1785     0.048
1786     0.066
1787     0.093
1788     0.066
1789    -0.028
1790    -0.039
1791    -0.035
1792     0.031
1793     0.046
1794     0.048
1795     0.042
1796     0.003
1797     0.060
1798     0.031
1799     0.071
1800     0.082
1801     0.034
1802     0.012
1803     0.099
1804     0.056
1805     0.080
1806     0.089
1807     0.092
1808     0.073
1809    -0.211
1810    -0.262
1811    -0.163
1812    -0.067
1813    -0.057
1814    -0.031
1815    -0.184
1816    -0.495
1817    -0.285
1818    -0.159
1819    -0.108
1820    -0.066
1821    -0.035
1822    -0.036
1823    -0.014
1824     0.002
1825    -0.060
1826     0.004
1827    -0.002
1828     0.033
1829     0.004
1830    -0.027
1831    -0.185
1832    -0.185
1833    -0.098
1834    -0.006
1835    -0.075
1836    -0.046
1837     0.023
1838     0.002
1839     0.031
1840     0.036
1841     0.086
1842     0.045
1843     0.006
1844     0.042
1845     0.098
1846     0.063
1847     0.074
1848     0.074
1849     0.045
1850     0.026
1851     0.047
1852     0.089
1853    -0.011
1854     0.039
1855     0.055
1856     0.067
1857     0.119
1858     0.037
1859     0.057
1860     0.110
1861     0.071
1862     0.088
1863     0.073
1864     0.079
1865     0.118
1866     0.089
1867     0.090
1868     0.102
1869     0.063
1870     0.110
1871     0.180
1872     0.158
1873     0.129
1874     0.152
1875     0.113
1876     0.122
1877     0.097
1878     0.055
1879     0.041
1880     0.060
1881     0.078
1882     0.121
1883     0.133
1884    -0.139
1885    -0.036
1886     0.038
1887     0.058
1888     0.067
1889     0.105
1890     0.041
1891     0.094
1892     0.090
1893     0.091
1894     0.100
1895     0.072
1896     0.094
1897     0.109
1898     0.174
1899     0.167
1900     0.118
1901     0.096
1902     0.085
1903    -0.032
1904     0.048
1905     0.087
1906     0.091
1907     0.037
1908     0.123
1909     0.143
1910     0.162
1911     0.223
1912     0.177
1913     0.071
1914     0.030
1915     0.054
1916     0.104
1917     0.120
1918     0.120
1919     0.176
1920     0.166
1921     0.205
1922     0.178
1923     0.207
1924     0.145
1925     0.136
1926     0.171
1927     0.187
1928     0.190
1929     0.169
1930     0.176
1931     0.144
1932     0.170
1933     0.239
1934     0.209
1935     0.212
1936     0.185
1937     0.189
1938     0.196
1939     0.214
1940     0.210
1941     0.192
1942     0.223
1943     0.231
1944     0.228
1945     0.247
1946     0.280
1947     0.302
1948     0.322
1949     0.310
1950     0.287
1951     0.307
1952     0.282
1953     0.308
1954     0.277
1955     0.283
1956     0.284
1957     0.328
1958     0.372
1959     0.321
1960     0.330
1961     0.290
1962     0.301
1963     0.277
1964     0.168
1965     0.203
1966     0.204
1967     0.248
1968     0.233
1969     0.224
1970     0.256
1971     0.244
1972     0.301
1973     0.249
1974     0.345
1975     0.261
1976     0.297
1977     0.352
1978     0.314
1979     0.441
1980     0.423
1981     0.417
1982     0.264
1983     0.154
1984     0.270
1985     0.387
1986     0.395
1987     0.494
1988     0.462
1989     0.516
1990     0.542
1991     0.438
1992     0.275
1993     0.347
1994     0.433
1995     0.462
1996     0.492
1997     0.503
1998     0.566
1999     0.582
2000     0.599
