Year     Value
1000     0.998
1001     1.037
1002     0.760
1003     0.634
1004     0.512
1005     0.624
1006     0.708
1007     0.702
1008     0.701
1009     0.805
1010     0.751
1011     0.654
1012     0.890
1013     0.822
1014     0.750
1015     0.398
1016     0.346
1017     0.338
1018     0.534
1019     0.503
1020     0.580
1021     0.653
1022     0.538
1023     0.490
1024     0.666
1025     0.611
1026     0.044
1027     0.122
1028     0.211
1029     0.311
1030     0.246
1031     0.139
1032     0.261
1033     0.255
1034     0.400
1035     0.478
1036     0.433
1037     0.613
1038     0.544
1039     0.394
1040     0.402
1041     0.526
1042     0.455
1043     0.587
1044     0.565
1045     0.543
1046     0.646
1047     0.639
1048     0.363
1049     0.395
1050     0.309
1051     0.136
1052     0.409
1053     0.417
1054     0.461
1055     0.410
1056     0.454
1057     0.511
1058     0.229
1059     0.147
1060     0.164
1061     0.416
1062     0.376
1063     0.311
1064     0.332
1065     0.484
1066     0.324
1067     0.377
1068     0.581
1069     0.597
1070     0.640
1071     0.687
1072     0.618
1073     0.577
1074     0.594
1075     0.412
1076     0.554
1077     0.605
1078     0.468
1079     0.383
1080     0.300
1081     0.363
1082     0.376
1083     0.584
1084     0.385
1085     0.542
1086     0.622
1087     0.570
1088     0.530
1089     0.730
1090     0.625
1091     0.601
1092     0.818
1093     0.891
1094     0.837
1095     0.827
1096     0.881
1097     0.748
1098     0.688
1099     0.708
1100     0.674
1101     0.704
1102     0.640
1103     0.663
1104     0.617
1105     0.608
1106     0.491
1107     0.542
1108     0.620
1109     0.580
1110     0.567
1111     0.557
1112     0.483
1113     0.447
1114     0.549
1115     0.598
1116     0.631
1117     0.595
1118     0.555
1119     0.661
1120     0.689
1121     0.752
1122     0.811
1123     0.604
1124     0.815
1125     0.832
1126     0.876
1127     0.804
1128     0.819
1129     0.856
1130     0.762
1131     0.843
1132     0.967
1133     0.743
1134     0.861
1135     0.857
1136     0.846
1137     0.665
1138     0.830
1139     0.740
1140     0.687
1141     0.839
1142     0.866
1143     0.977
1144     0.923
1145     0.917
1146     1.030
1147     1.159
1148     0.965
1149     1.030
1150     0.827
1151     0.940
1152     0.666
1153     0.810
1154     0.637
1155     0.824
1156     0.559
1157     0.687
1158     0.728
1159     0.556
1160     0.537
1161     0.522
1162     0.558
1163     0.663
1164     0.821
1165     0.683
1166     0.561
1167     0.477
1168     0.749
1169     0.702
1170     0.421
1171     0.619
1172     0.663
1173     0.759
1174     0.699
1175     0.103
1176     0.143
1177     0.014
1178     0.123
1179     0.357
1180     0.472
1181     0.551
1182     0.673
1183     0.772
1184     0.746
1185     0.692
1186     0.755
1187     0.712
1188     0.709
1189     0.779
1190     0.717
1191     0.606
1192     0.636
1193     0.566
1194     0.276
1195     0.423
1196     0.386
1197     0.326
1198     0.396
1199     0.357
1200     0.634
1201     0.513
1202     0.688
1203     0.502
1204     0.557
1205     0.381
1206     0.400
1207     0.323
1208     0.421
1209     0.319
1210     0.429
1211     0.609
1212     0.489
1213     0.448
1214     0.573
1215     0.726
1216     0.838
1217     0.613
1218     0.643
1219     0.661
1220     0.486
1221     0.528
1222     0.647
1223     0.658
1224     0.670
1225     0.594
1226     0.747
1227     0.503
1228     0.618
1229     0.255
1230     0.388
1231     0.443
1232     0.596
1233     0.704
1234     0.559
1235     0.617
1236     0.573
1237     0.370
1238     0.260
1239     0.430
1240     0.619
1241     0.618
1242     0.678
1243     0.733
1244     0.748
1245     0.705
1246     0.657
1247     0.805
1248     0.811
1249     0.851
1250     0.574
1251     0.601
1252     0.761
1253     0.648
1254     0.589
1255     0.537
1256     0.660
1257     0.748
1258     0.573
1259    -0.485
1260    -0.801
1261    -0.539
1262    -0.122
1263    -0.114
1264     0.334
1265     0.352
1266     0.460
1267     0.352
1268     0.305
1269     0.399
1270     0.462
1271     0.537
1272     0.472
1273     0.494
1274     0.526
1275     0.279
1276     0.278
1277     0.371
1278     0.398
1279     0.264
1280     0.289
1281     0.274
1282     0.375
1283     0.364
1284     0.553
1285     0.192
1286     0.047
1287     0.026
1288    -0.064
1289    -0.057
1290     0.124
1291     0.199
1292     0.188
1293     0.385
1294     0.386
1295     0.046
1296     0.003
1297     0.204
1298     0.277
1299     0.273
1300     0.244
1301     0.429
1302     0.446
1303     0.395
1304     0.442
1305     0.513
1306     0.345
1307     0.325
1308     0.368
1309     0.234
1310     0.305
1311     0.277
1312     0.280
1313     0.292
1314     0.179
1315     0.396
1316     0.297
1317     0.371
1318     0.387
1319     0.241
1320     0.423
1321     0.392
1322     0.443
1323     0.343
1324     0.207
1325     0.366
1326     0.412
1327     0.374
1328     0.379
1329     0.014
1330    -0.055
1331     0.221
1332     0.135
1333     0.269
1334     0.126
1335     0.216
1336     0.181
1337     0.216
1338     0.242
1339     0.311
1340     0.363
1341     0.289
1342     0.411
1343     0.377
1344     0.389
1345     0.202
1346     0.236
1347     0.186
1348     0.150
1349     0.210
1350     0.038
1351     0.171
1352     0.132
1353     0.223
1354     0.301
1355     0.306
1356     0.170
1357     0.353
1358     0.114
1359     0.109
1360     0.256
1361     0.096
1362     0.146
1363     0.235
1364     0.403
1365     0.486
1366     0.309
1367     0.215
1368     0.372
1369     0.497
1370     0.315
1371     0.510
1372     0.487
1373     0.609
1374     0.603
1375     0.386
1376     0.259
1377     0.209
1378     0.257
1379     0.097
1380     0.154
1381     0.432
1382     0.564
1383     0.400
1384     0.402
1385     0.246
1386     0.298
1387     0.210
1388     0.122
1389     0.206
1390     0.265
1391     0.334
1392     0.340
1393     0.414
1394     0.396
1395     0.253
1396     0.366
1397     0.352
1398     0.174
1399     0.319
1400     0.254
1401     0.495
1402     0.308
1403     0.263
1404     0.249
1405     0.069
1406     0.082
1407     0.183
1408     0.142
1409     0.299
1410     0.256
1411     0.213
1412     0.215
1413     0.486
1414     0.576
1415     0.448
1416     0.463
1417     0.285
1418     0.561
1419     0.328
1420     0.357
1421     0.362
1422     0.385
1423     0.284
1424     0.286
1425     0.322
1426     0.346
1427     0.375
1428     0.341
1429     0.306
1430     0.168
1431     0.239
1432     0.225
1433     0.349
1434     0.150
1435     0.068
1436    -0.078
1437     0.165
1438     0.185
1439     0.163
1440     0.385
1441     0.337
1442     0.310
1443     0.401
1444     0.171
1445     0.292
1446     0.213
1447     0.156
1448     0.178
1449     0.038
1450     0.149
1451     0.226
1452     0.288
1453    -0.302
1454    -0.346
1455    -0.134
1456     0.104
1457     0.117
1458     0.227
1459    -0.152
1460    -0.549
1461    -0.545
1462    -0.426
1463    -0.392
1464    -0.134
1465    -0.006
1466    -0.253
1467    -0.395
1468    -0.169
1469    -0.151
1470    -0.139
1471    -0.113
1472     0.051
1473    -0.075
1474    -0.021
1475    -0.019
1476    -0.170
1477     0.012
1478     0.206
1479    -0.021
1480     0.055
1481     0.052
1482     0.113
1483    -0.046
1484    -0.149
1485     0.035
1486     0.059
1487     0.260
1488     0.363
1489     0.400
1490     0.258
1491     0.323
1492     0.443
1493     0.042
1494     0.113
1495     0.022
1496     0.018
1497     0.050
1498     0.052
1499     0.250
1500     0.246
1501     0.248
1502     0.117
1503     0.244
1504     0.020
1505    -0.180
1506    -0.082
1507    -0.015
1508    -0.212
1509     0.145
1510     0.237
1511     0.106
1512     0.167
1513     0.294
1514     0.162
1515     0.160
1516     0.101
1517    -0.098
1518    -0.038
1519     0.073
1520     0.121
1521    -0.056
1522    -0.079
1523     0.004
1524     0.019
1525    -0.112
1526    -0.057
1527    -0.237
1528    -0.276
1529     0.013
1530    -0.068
1531     0.253
1532     0.107
1533     0.107
1534     0.059
1535    -0.097
1536    -0.046
1537     0.142
1538    -0.029
1539     0.023
1540     0.020
1541     0.172
1542    -0.004
1543    -0.090
1544    -0.165
1545     0.050
1546    -0.011
1547     0.030
1548     0.182
1549    -0.093
1550    -0.030
1551    -0.037
1552     0.066
1553     0.016
1554     0.085
1555     0.165
1556     0.071
1557     0.141
1558     0.182
1559     0.187
1560     0.247
1561     0.198
1562     0.192
1563     0.183
1564    -0.219
1565    -0.257
1566    -0.224
1567    -0.098
1568     0.060
1569    -0.034
1570     0.004
1571     0.074
1572     0.004
1573     0.108
1574     0.169
1575     0.253
1576     0.170
1577    -0.095
1578     0.018
1579     0.131
1580    -0.083
1581     0.021
1582    -0.140
1583    -0.088
1584    -0.041
1585    -0.157
1586     0.174
1587    -0.205
1588    -0.472
1589    -0.569
1590    -0.328
1591    -0.164
1592     0.115
1593     0.008
1594     0.097
1595     0.125
1596     0.226
1597     0.001
1598    -0.019
1599    -0.059
1600    -0.244
1601    -0.599
1602    -0.588
1603    -0.522
1604    -0.363
1605    -0.096
1606    -0.069
1607    -0.220
1608    -0.094
1609    -0.119
1610    -0.038
1611     0.100
1612     0.154
1613    -0.237
1614    -0.396
1615    -0.241
1616     0.024
1617    -0.082
1618     0.030
1619     0.021
1620    -0.051
1621    -0.187
1622    -0.240
1623    -0.388
1624    -0.405
1625    -0.273
1626    -0.342
1627    -0.378
1628    -0.179
1629    -0.006
1630     0.030
1631    -0.140
1632     0.167
1633     0.121
1634     0.004
1635     0.208
1636     0.047
1637     0.050
1638     0.145
1639    -0.205
1640    -0.193
1641    -0.491
1642    -0.558
1643    -0.510
1644    -0.387
1645    -0.270
1646    -0.151
1647    -0.066
1648    -0.098
1649    -0.094
1650    -0.239
1651    -0.227
1652    -0.149
1653    -0.261
1654    -0.232
1655    -0.160
1656    -0.168
1657    -0.062
1658    -0.148
1659     0.054
1660     0.042
1661    -0.053
1662    -0.077
1663     0.096
1664    -0.027
1665     0.069
1666    -0.039
1667    -0.324
1668    -0.415
1669    -0.398
1670    -0.052
1671    -0.046
1672    -0.043
1673     0.125
1674    -0.257
1675    -0.283
1676    -0.167
1677    -0.201
1678    -0.338
1679    -0.254
1680    -0.110
1681    -0.332
1682    -0.442
1683    -0.252
1684    -0.394
1685    -0.378
1686    -0.087
1687    -0.093
1688    -0.231
1689    -0.407
1690    -0.456
1691    -0.415
1692    -0.377
1693    -0.374
1694    -0.351
1695    -0.472
1696    -0.737
1697    -0.481
1698    -0.416
1699    -0.357
1700    -0.356
1701    -0.353
1702    -0.275
1703    -0.244
1704    -0.356
1705    -0.384
1706    -0.239
1707    -0.178
1708     0.045
1709    -0.229
1710    -0.157
1711     0.117
1712    -0.140
1713    -0.059
1714    -0.212
1715    -0.233
1716    -0.061
1717    -0.134
1718    -0.075
1719    -0.247
1720     0.193
1721     0.092
1722     0.151
1723     0.045
1724    -0.148
1725     0.136
1726     0.064
1727     0.057
1728    -0.185
1729    -0.261
1730    -0.019
1731    -0.175
1732     0.108
1733     0.084
1734     0.061
1735    -0.036
1736     0.135
1737     0.054
1738    -0.056
1739    -0.186
1740     0.054
1741     0.241
1742     0.192
1743     0.220
1744     0.150
1745     0.142
1746     0.119
1747     0.036
1748     0.099
1749     0.253
1750     0.081
1751     0.033
1752    -0.061
1753    -0.038
1754     0.158
1755     0.126
1756     0.031
1757     0.104
1758     0.188
1759     0.245
1760     0.171
1761     0.217
1762     0.178
1763     0.171
1764     0.161
1765     0.031
1766     0.178
1767     0.153
1768     0.175
1769     0.057
1770     0.080
1771     0.233
1772     0.326
1773     0.272
1774     0.119
1775     0.246
1776     0.252
1777     0.249
1778     0.452
1779     0.425
1780     0.206
1781     0.262
1782     0.314
1783    -0.072
1784    -0.009
1785     0.120
1786     0.062
1787    -0.019
1788     0.374
1789     0.286
1790     0.092
1791     0.194
1792     0.177
1793     0.110
1794     0.033
1795     0.177
1796    -0.029
1797     0.156
1798     0.206
1799     0.153
1800     0.330
1801     0.311
1802     0.317
1803     0.222
1804     0.177
1805     0.385
1806     0.229
1807     0.386
1808     0.248
1809    -0.185
1810    -0.515
1811    -0.267
1812    -0.296
1813     0.010
1814    -0.046
1815    -0.530
1816    -0.697
1817    -0.563
1818    -0.375
1819    -0.183
1820    -0.110
1821    -0.337
1822    -0.278
1823    -0.173
1824    -0.238
1825    -0.196
1826    -0.035
1827     0.173
1828     0.179
1829    -0.011
1830     0.021
1831    -0.279
1832    -0.374
1833    -0.258
1834    -0.182
1835    -0.251
1836    -0.175
1837    -0.124
1838     0.097
1839     0.277
1840     0.071
1841     0.126
1842     0.027
1843    -0.097
1844     0.114
1845     0.144
1846     0.102
1847     0.141
1848     0.377
1849     0.243
1850     0.354
1851     0.305
1852     0.205
1853     0.126
1854     0.094
1855     0.213
1856     0.295
1857     0.342
1858     0.471
1859     0.485
1860     0.254
1861     0.282
1862     0.309
1863     0.355
1864     0.628
1865     0.373
1866     0.456
1867     0.350
1868     0.417
1869     0.517
1870     0.578
1871     0.497
1872     0.378
1873     0.346
1874     0.361
1875     0.460
1876     0.167
1877     0.266
1878     0.415
1879     0.290
1880     0.178
1881     0.124
1882     0.167
1883     0.066
1884    -0.205
1885     0.020
1886     0.098
1887     0.237
1888     0.123
1889     0.283
1890     0.346
1891     0.348
1892     0.207
1893     0.330
1894     0.390
1895     0.216
1896     0.255
1897     0.224
1898     0.185
1899     0.268
1900     0.254
1901     0.263
1902     0.244
1903    -0.014
1904     0.281
1905     0.416
1906     0.425
1907     0.510
1908     0.386
1909     0.364
1910     0.493
1911     0.625
1912     0.203
1913     0.367
1914     0.276
1915     0.315
1916     0.397
1917     0.538
1918     0.641
1919     0.801
1920     0.654
1921     0.577
1922     0.631
1923     0.562
1924     0.571
1925     0.671
1926     0.545
1927     0.441
1928     0.534
1929     0.382
1930     0.313
1931     0.565
1932     0.641
1933     0.740
1934     0.868
1935     0.730
1936     0.741
1937     0.691
1938     0.744
1939     0.860
1940     0.677
1941     0.745
1942     0.649
1943     0.672
1944     0.748
1945     0.656
1946     0.822
1947     0.794
1948     0.820
1949     0.852
1950     0.818
1951     0.892
1952     0.906
1953     1.111
1954     0.973
1955     0.953
1956     0.935
1957     0.814
1958     0.967
1959     1.109
1960     1.140
1961     0.978
1962     1.166
1963     1.039
1964     0.897
1965     0.712
1966     0.822
1967     0.964
1968     0.909
1969     0.695
1970     0.763
1971     0.864
1972     0.859
1973     0.999
1974     0.913
1975     0.900
1976     0.940
1977     0.871
1978     1.117
1979     1.096
1980     1.219
1981     1.136
1982     1.043
1983     0.825
1984     0.879
1985     0.862
1986     1.139
1987     1.161
1988     1.248
1989     1.149
1990     1.264
