Year     Value
1000     0.608
1001     0.649
1002     0.375
1003     0.251
1004     0.133
1005     0.246
1006     0.332
1007     0.328
1008     0.330
1009     0.437
1010     0.385
1011     0.290
1012     0.527
1013     0.460
1014     0.391
1015     0.042
1016    -0.009
1017    -0.015
1018     0.183
1019     0.153
1020     0.231
1021     0.307
1022     0.193
1023     0.147
1024     0.324
1025     0.271
1026    -0.295
1027    -0.214
1028    -0.124
1029    -0.021
1030    -0.086
1031    -0.191
1032    -0.068
1033    -0.072
1034     0.075
1035     0.155
1036     0.110
1037     0.291
1038     0.225
1039     0.077
1040     0.085
1041     0.211
1042     0.140
1043     0.274
1044     0.255
1045     0.234
1046     0.338
1047     0.332
1048     0.056
1049     0.090
1050     0.005
1051    -0.166
1052     0.108
1053     0.117
1054     0.161
1055     0.112
1056     0.158
1057     0.216
1058    -0.066
1059    -0.146
1060    -0.129
1061     0.124
1062     0.087
1063     0.022
1064     0.045
1065     0.197
1066     0.038
1067     0.092
1068     0.298
1069     0.314
1070     0.359
1071     0.407
1072     0.338
1073     0.300
1074     0.318
1075     0.135
1076     0.279
1077     0.330
1078     0.195
1079     0.111
1080     0.028
1081     0.093
1082     0.107
1083     0.315
1084     0.117
1085     0.275
1086     0.356
1087     0.305
1088     0.267
1089     0.466
1090     0.362
1091     0.340
1092     0.558
1093     0.632
1094     0.578
1095     0.570
1096     0.625
1097     0.492
1098     0.433
1099     0.454
1100     0.421
1101     0.452
1102     0.389
1103     0.413
1104     0.368
1105     0.358
1106     0.242
1107     0.294
1108     0.374
1109     0.334
1110     0.322
1111     0.312
1112     0.240
1113     0.204
1114     0.308
1115     0.358
1116     0.391
1117     0.355
1118     0.316
1119     0.423
1120     0.452
1121     0.515
1122     0.576
1123     0.370
1124     0.580
1125     0.600
1126     0.644
1127     0.573
1128     0.587
1129     0.626
1130     0.533
1131     0.614
1132     0.740
1133     0.516
1134     0.634
1135     0.630
1136     0.620
1137     0.441
1138     0.606
1139     0.516
1140     0.464
1141     0.617
1142     0.645
1143     0.758
1144     0.704
1145     0.698
1146     0.811
1147     0.941
1148     0.749
1149     0.815
1150     0.612
1151     0.726
1152     0.451
1153     0.596
1154     0.424
1155     0.613
1156     0.347
1157     0.477
1158     0.517
1159     0.345
1160     0.328
1161     0.314
1162     0.350
1163     0.456
1164     0.614
1165     0.477
1166     0.356
1167     0.273
1168     0.545
1169     0.498
1170     0.219
1171     0.416
1172     0.462
1173     0.558
1174     0.498
1175    -0.097
1176    -0.056
1177    -0.184
1178    -0.074
1179     0.160
1180     0.275
1181     0.355
1182     0.477
1183     0.577
1184     0.552
1185     0.499
1186     0.562
1187     0.520
1188     0.517
1189     0.589
1190     0.526
1191     0.417
1192     0.447
1193     0.378
1194     0.087
1195     0.235
1196     0.199
1197     0.140
1198     0.210
1199     0.172
1200     0.448
1201     0.330
1202     0.504
1203     0.319
1204     0.375
1205     0.199
1206     0.218
1207     0.142
1208     0.241
1209     0.139
1210     0.249
1211     0.429
1212     0.311
1213     0.269
1214     0.397
1215     0.549
1216     0.662
1217     0.438
1218     0.468
1219     0.487
1220     0.313
1221     0.354
1222     0.475
1223     0.486
1224     0.500
1225     0.423
1226     0.577
1227     0.334
1228     0.449
1229     0.086
1230     0.219
1231     0.275
1232     0.428
1233     0.538
1234     0.392
1235     0.451
1236     0.409
1237     0.205
1238     0.097
1239     0.266
1240     0.455
1241     0.456
1242     0.517
1243     0.571
1244     0.587
1245     0.545
1246     0.497
1247     0.646
1248     0.652
1249     0.692
1250     0.417
1251     0.444
1252     0.604
1253     0.493
1254     0.433
1255     0.382
1256     0.506
1257     0.593
1258     0.418
1259    -0.637
1260    -0.953
1261    -0.691
1262    -0.273
1263    -0.266
1264     0.183
1265     0.203
1266     0.311
1267     0.202
1268     0.157
1269     0.251
1270     0.314
1271     0.389
1272     0.324
1273     0.347
1274     0.379
1275     0.134
1276     0.133
1277     0.226
1278     0.254
1279     0.120
1280     0.146
1281     0.131
1282     0.233
1283     0.222
1284     0.412
1285     0.052
1286    -0.093
1287    -0.114
1288    -0.202
1289    -0.196
1290    -0.014
1291     0.062
1292     0.051
1293     0.247
1294     0.249
1295    -0.088
1296    -0.133
1297     0.067
1298     0.142
1299     0.138
1300     0.111
1301     0.296
1302     0.313
1303     0.263
1304     0.309
1305     0.382
1306     0.215
1307     0.195
1308     0.237
1309     0.104
1310     0.175
1311     0.149
1312     0.153
1313     0.165
1314     0.051
1315     0.269
1316     0.171
1317     0.246
1318     0.261
1319     0.116
1320     0.298
1321     0.268
1322     0.318
1323     0.221
1324     0.085
1325     0.244
1326     0.290
1327     0.252
1328     0.259
1329    -0.105
1330    -0.175
1331     0.101
1332     0.015
1333     0.150
1334     0.008
1335     0.098
1336     0.063
1337     0.099
1338     0.126
1339     0.194
1340     0.247
1341     0.174
1342     0.296
1343     0.262
1344     0.274
1345     0.087
1346     0.124
1347     0.073
1348     0.037
1349     0.098
1350    -0.073
1351     0.060
1352     0.022
1353     0.112
1354     0.192
1355     0.197
1356     0.061
1357     0.245
1358     0.005
1359     0.001
1360     0.148
1361    -0.012
1362     0.040
1363     0.130
1364     0.297
1365     0.380
1366     0.203
1367     0.110
1368     0.267
1369     0.394
1370     0.211
1371     0.408
1372     0.384
1373     0.507
1374     0.501
1375     0.286
1376     0.159
1377     0.108
1378     0.157
1379    -0.003
1380     0.055
1381     0.333
1382     0.466
1383     0.301
1384     0.304
1385     0.148
1386     0.201
1387     0.114
1388     0.027
1389     0.110
1390     0.169
1391     0.239
1392     0.247
1393     0.320
1394     0.303
1395     0.158
1396     0.272
1397     0.260
1398     0.082
1399     0.228
1400     0.162
1401     0.405
1402     0.217
1403     0.172
1404     0.160
1405    -0.021
1406    -0.007
1407     0.094
1408     0.054
1409     0.209
1410     0.169
1411     0.126
1412     0.129
1413     0.399
1414     0.490
1415     0.362
1416     0.378
1417     0.201
1418     0.476
1419     0.244
1420     0.273
1421     0.280
1422     0.303
1423     0.202
1424     0.203
1425     0.241
1426     0.264
1427     0.294
1428     0.260
1429     0.226
1430     0.089
1431     0.159
1432     0.146
1433     0.270
1434     0.072
1435    -0.010
1436    -0.155
1437     0.088
1438     0.108
1439     0.088
1440     0.309
1441     0.261
1442     0.235
1443     0.326
1444     0.097
1445     0.218
1446     0.140
1447     0.083
1448     0.104
1449    -0.035
1450     0.077
1451     0.154
1452     0.216
1453    -0.374
1454    -0.417
1455    -0.205
1456     0.034
1457     0.048
1458     0.157
1459    -0.222
1460    -0.618
1461    -0.613
1462    -0.493
1463    -0.459
1464    -0.201
1465    -0.073
1466    -0.319
1467    -0.462
1468    -0.234
1469    -0.216
1470    -0.203
1471    -0.178
1472    -0.013
1473    -0.140
1474    -0.085
1475    -0.082
1476    -0.233
1477    -0.051
1478     0.143
1479    -0.083
1480    -0.007
1481    -0.008
1482     0.053
1483    -0.106
1484    -0.210
1485    -0.024
1486     0.000
1487     0.201
1488     0.305
1489     0.342
1490     0.199
1491     0.265
1492     0.387
1493    -0.014
1494     0.056
1495    -0.035
1496    -0.038
1497    -0.006
1498    -0.003
1499     0.196
1500     0.191
1501     0.194
1502     0.063
1503     0.191
1504    -0.031
1505    -0.233
1506    -0.135
1507    -0.068
1508    -0.264
1509     0.095
1510     0.186
1511     0.055
1512     0.116
1513     0.244
1514     0.112
1515     0.112
1516     0.052
1517    -0.146
1518    -0.087
1519     0.024
1520     0.074
1521    -0.103
1522    -0.125
1523    -0.042
1524    -0.028
1525    -0.158
1526    -0.102
1527    -0.281
1528    -0.321
1529    -0.031
1530    -0.112
1531     0.208
1532     0.064
1533     0.065
1534     0.016
1535    -0.139
1536    -0.089
1537     0.101
1538    -0.070
1539    -0.016
1540    -0.020
1541     0.132
1542    -0.044
1543    -0.130
1544    -0.204
1545     0.010
1546    -0.050
1547    -0.009
1548     0.143
1549    -0.130
1550    -0.067
1551    -0.074
1552     0.030
1553    -0.020
1554     0.049
1555     0.129
1556     0.037
1557     0.106
1558     0.148
1559     0.152
1560     0.214
1561     0.164
1562     0.158
1563     0.149
1564    -0.252
1565    -0.290
1566    -0.257
1567    -0.130
1568     0.028
1569    -0.067
1570    -0.027
1571     0.043
1572    -0.026
1573     0.078
1574     0.139
1575     0.223
1576     0.140
1577    -0.124
1578    -0.010
1579     0.104
1580    -0.110
1581    -0.006
1582    -0.167
1583    -0.116
1584    -0.067
1585    -0.183
1586     0.149
1587    -0.230
1588    -0.498
1589    -0.594
1590    -0.352
1591    -0.188
1592     0.091
1593    -0.015
1594     0.073
1595     0.103
1596     0.204
1597    -0.022
1598    -0.042
1599    -0.081
1600    -0.266
1601    -0.619
1602    -0.609
1603    -0.542
1604    -0.384
1605    -0.117
1606    -0.089
1607    -0.238
1608    -0.113
1609    -0.136
1610    -0.057
1611     0.082
1612     0.136
1613    -0.254
1614    -0.412
1615    -0.257
1616     0.007
1617    -0.098
1618     0.014
1619     0.005
1620    -0.067
1621    -0.201
1622    -0.255
1623    -0.402
1624    -0.418
1625    -0.286
1626    -0.355
1627    -0.391
1628    -0.192
1629    -0.019
1630     0.018
1631    -0.151
1632     0.155
1633     0.110
1634    -0.008
1635     0.197
1636     0.037
1637     0.040
1638     0.135
1639    -0.216
1640    -0.202
1641    -0.500
1642    -0.568
1643    -0.519
1644    -0.395
1645    -0.277
1646    -0.158
1647    -0.073
1648    -0.105
1649    -0.100
1650    -0.245
1651    -0.233
1652    -0.154
1653    -0.266
1654    -0.236
1655    -0.165
1656    -0.172
1657    -0.067
1658    -0.153
1659     0.051
1660     0.039
1661    -0.055
1662    -0.079
1663     0.094
1664    -0.029
1665     0.067
1666    -0.041
1667    -0.326
1668    -0.415
1669    -0.398
1670    -0.053
1671    -0.045
1672    -0.042
1673     0.125
1674    -0.257
1675    -0.282
1676    -0.167
1677    -0.199
1678    -0.336
1679    -0.251
1680    -0.108
1681    -0.330
1682    -0.440
1683    -0.249
1684    -0.391
1685    -0.374
1686    -0.084
1687    -0.088
1688    -0.226
1689    -0.401
1690    -0.450
1691    -0.410
1692    -0.371
1693    -0.369
1694    -0.344
1695    -0.464
1696    -0.730
1697    -0.473
1698    -0.408
1699    -0.349
1700    -0.348
1701    -0.344
1702    -0.267
1703    -0.235
1704    -0.347
1705    -0.375
1706    -0.229
1707    -0.167
1708     0.056
1709    -0.218
1710    -0.147
1711     0.128
1712    -0.128
1713    -0.046
1714    -0.200
1715    -0.220
1716    -0.048
1717    -0.120
1718    -0.062
1719    -0.234
1720     0.206
1721     0.106
1722     0.166
1723     0.061
1724    -0.133
1725     0.152
1726     0.080
1727     0.073
1728    -0.169
1729    -0.245
1730    -0.001
1731    -0.157
1732     0.125
1733     0.101
1734     0.078
1735    -0.018
1736     0.154
1737     0.073
1738    -0.037
1739    -0.167
1740     0.074
1741     0.261
1742     0.212
1743     0.241
1744     0.170
1745     0.163
1746     0.141
1747     0.058
1748     0.121
1749     0.275
1750     0.103
1751     0.055
1752    -0.037
1753    -0.014
1754     0.182
1755     0.149
1756     0.054
1757     0.128
1758     0.213
1759     0.269
1760     0.197
1761     0.242
1762     0.204
1763     0.197
1764     0.188
1765     0.058
1766     0.204
1767     0.180
1768     0.201
1769     0.085
1770     0.108
1771     0.262
1772     0.355
1773     0.300
1774     0.147
1775     0.276
1776     0.282
1777     0.278
1778     0.481
1779     0.455
1780     0.236
1781     0.293
1782     0.345
1783    -0.041
1784     0.023
1785     0.151
1786     0.094
1787     0.014
1788     0.407
1789     0.318
1790     0.124
1791     0.228
1792     0.210
1793     0.144
1794     0.068
1795     0.212
1796     0.006
1797     0.190
1798     0.242
1799     0.189
1800     0.365
1801     0.346
1802     0.353
1803     0.258
1804     0.214
1805     0.422
1806     0.267
1807     0.423
1808     0.286
1809    -0.148
1810    -0.477
1811    -0.229
1812    -0.258
1813     0.050
1814    -0.007
1815    -0.490
1816    -0.656
1817    -0.522
1818    -0.335
1819    -0.142
1820    -0.070
1821    -0.296
1822    -0.236
1823    -0.132
1824    -0.196
1825    -0.154
1826     0.007
1827     0.216
1828     0.222
1829     0.032
1830     0.065
1831    -0.236
1832    -0.330
1833    -0.214
1834    -0.138
1835    -0.206
1836    -0.129
1837    -0.078
1838     0.143
1839     0.323
1840     0.117
1841     0.173
1842     0.073
1843    -0.050
1844     0.160
1845     0.191
1846     0.149
1847     0.189
1848     0.425
1849     0.292
1850     0.404
1851     0.355
1852     0.255
1853     0.177
1854     0.145
1855     0.263
1856     0.346
1857     0.393
1858     0.523
1859     0.537
1860     0.306
1861     0.335
1862     0.361
1863     0.405
1864     0.675
1865     0.417
1866     0.497
1867     0.388
1868     0.452
1869     0.548
1870     0.605
1871     0.522
1872     0.399
1873     0.362
1874     0.375
1875     0.470
1876     0.173
1877     0.269
1878     0.413
1879     0.283
1880     0.168
1881     0.111
1882     0.150
1883     0.043
1884    -0.230
1885    -0.010
1886     0.063
1887     0.201
1888     0.081
1889     0.237
1890     0.297
1891     0.296
1892     0.150
1893     0.268
1894     0.325
1895     0.146
1896     0.181
1897     0.146
1898     0.104
1899     0.182
1900     0.165
1901     0.170
1902     0.147
1903    -0.114
1904     0.176
1905     0.309
1906     0.313
1907     0.395
1908     0.267
1909     0.243
1910     0.367
1911     0.496
1912     0.070
1913     0.229
1914     0.137
1915     0.171
1916     0.249
1917     0.386
1918     0.486
1919     0.640
1920     0.491
1921     0.411
1922     0.459
1923     0.386
1924     0.392
1925     0.488
1926     0.358
1927     0.251
1928     0.340
1929     0.185
1930     0.112
1931     0.360
1932     0.431
1933     0.525
1934     0.650
1935     0.506
1936     0.514
1937     0.461
1938     0.512
1939     0.625
1940     0.437
1941     0.503
1942     0.403
1943     0.424
1944     0.498
1945     0.401
1946     0.563
1947     0.531
1948     0.555
1949     0.585
1950     0.547
1951     0.619
1952     0.627
1953     0.827
1954     0.681
1955     0.650
1956     0.619
1957     0.484
1958     0.625
1959     0.750
1960     0.765
1961     0.588
1962     0.757
1963     0.614
1964     0.453
1965     0.251
1966     0.343
1967     0.468
1968     0.395
1969     0.164
1970     0.214
1971     0.301
1972     0.283
1973     0.413
1974     0.317
1975     0.299
1976     0.336
1977     0.264
1978     0.512
1979     0.490
1980     0.614
1981     0.531
1982     0.437
1983     0.217
1984     0.272
1985     0.259
1986     0.537
1987     0.563
1988     0.655
1989     0.560
1990     0.680
