Year     Value
1500     0.122
1501    -0.027
1502     0.052
1503     0.122
1504     0.112
1505     0.012
1506     0.033
1507     0.062
1508    -0.048
1509     0.042
1510    -0.068
1511     0.103
1512     0.182
1513     0.212
1514     0.152
1515     0.172
1516     0.022
1517     0.042
1518     0.042
1519     0.033
1520    -0.098
1521    -0.158
1522     0.172
1523    -0.018
1524     0.012
1525     0.133
1526     0.073
1527     0.042
1528     0.062
1529     0.152
1530     0.082
1531     0.103
1532     0.112
1533     0.082
1534     0.082
1535    -0.027
1536     0.092
1537     0.003
1538    -0.018
1539    -0.008
1540     0.033
1541     0.033
1542     0.283
1543    -0.008
1544     0.163
1545     0.062
1546     0.103
1547     0.052
1548     0.212
1549     0.092
1550     0.142
1551     0.003
1552    -0.108
1553    -0.038
1554    -0.087
1555     0.103
1556     0.012
1557     0.082
1558    -0.078
1559     0.062
1560    -0.147
1561    -0.078
1562    -0.158
1563    -0.038
1564    -0.188
1565    -0.087
1566    -0.068
1567    -0.128
1568     0.022
1569    -0.018
1570    -0.128
1571    -0.038
1572    -0.087
1573    -0.098
1574    -0.098
1575     0.033
1576     0.012
1577     0.122
1578     0.022
1579     0.073
1580     0.073
1581     0.133
1582    -0.087
1583     0.012
1584    -0.068
1585    -0.038
1586    -0.108
1587    -0.128
1588    -0.078
1589    -0.057
1590    -0.087
1591    -0.238
1592    -0.238
1593    -0.238
1594    -0.217
1595    -0.247
1596    -0.038
1597     0.033
1598     0.003
1599    -0.008
1600    -0.068
1601    -0.038
1602    -0.048
1603     0.182
1604     0.103
1605     0.232
1606     0.042
1607     0.082
1608     0.103
1609    -0.008
1610     0.103
1611     0.112
1612     0.142
1613     0.223
1614     0.103
1615     0.223
1616     0.152
1617    -0.018
1618     0.163
1619     0.253
1620     0.163
1621     0.042
1622     0.073
1623     0.062
1624     0.042
1625     0.152
1626    -0.057
1627    -0.277
1628    -0.087
1629    -0.078
1630    -0.138
1631    -0.158
1632    -0.087
1633    -0.188
1634     0.033
1635    -0.008
1636    -0.027
1637    -0.038
1638     0.042
1639     0.103
1640     0.062
1641    -0.008
1642    -0.098
1643    -0.038
1644     0.012
1645    -0.188
1646     0.042
1647     0.012
1648    -0.048
1649    -0.098
1650    -0.268
1651    -0.128
1652    -0.138
1653    -0.168
1654    -0.198
1655    -0.138
1656    -0.158
1657    -0.117
1658    -0.198
1659    -0.048
1660    -0.057
1661    -0.018
1662    -0.147
1663    -0.188
1664    -0.128
1665    -0.228
1666    -0.128
1667    -0.158
1668    -0.158
1669    -0.147
1670     0.012
1671     0.112
1672     0.022
1673    -0.027
1674    -0.128
1675    -0.258
1676    -0.117
1677    -0.027
1678    -0.018
1679    -0.008
1680    -0.027
1681    -0.068
1682    -0.038
1683    -0.008
1684    -0.078
1685    -0.168
1686    -0.158
1687    -0.128
1688    -0.117
1689    -0.087
1690    -0.168
1691    -0.258
1692    -0.158
1693    -0.228
1694    -0.217
1695    -0.128
1696    -0.158
1697    -0.258
1698    -0.168
1699    -0.228
1700    -0.117
1701    -0.128
1702    -0.138
1703    -0.128
1704    -0.147
1705    -0.158
1706    -0.138
1707    -0.078
1708    -0.057
1709    -0.018
1710    -0.158
1711    -0.098
1712    -0.138
1713    -0.168
1714    -0.018
1715    -0.027
1716    -0.027
1717    -0.117
1718    -0.087
1719    -0.158
1720     0.022
1721    -0.128
1722    -0.188
1723    -0.098
1724    -0.078
1725    -0.117
1726    -0.228
1727    -0.188
1728    -0.217
1729    -0.138
1730    -0.078
1731    -0.038
1732    -0.188
1733    -0.147
1734    -0.147
1735     0.052
1736    -0.018
1737    -0.008
1738    -0.138
1739    -0.117
1740    -0.048
1741     0.052
1742     0.092
1743     0.033
1744    -0.018
1745    -0.117
1746    -0.117
1747    -0.078
1748    -0.078
1749    -0.307
1750    -0.258
1751    -0.348
1752    -0.228
1753    -0.198
1754    -0.018
1755    -0.038
1756     0.022
1757    -0.008
1758    -0.027
1759     0.062
1760     0.142
1761     0.022
1762     0.413
1763     0.202
1764     0.232
1765     0.223
1766     0.163
1767     0.003
1768     0.012
1769    -0.087
1770    -0.138
1771    -0.038
1772    -0.068
1773    -0.098
1774    -0.108
1775    -0.027
1776    -0.057
1777    -0.078
1778     0.042
1779     0.062
1780    -0.018
1781    -0.027
1782    -0.038
1783    -0.188
1784    -0.168
1785     0.073
1786     0.003
1787    -0.078
1788    -0.008
1789     0.103
1790     0.062
1791     0.163
1792     0.122
1793     0.092
1794     0.042
1795     0.283
1796     0.142
1797     0.033
1798     0.122
1799     0.172
1800     0.112
1801     0.133
1802     0.142
1803     0.022
1804     0.062
1805     0.082
1806     0.193
1807     0.163
1808     0.302
1809     0.082
1810    -0.048
1811    -0.048
1812     0.052
1813    -0.078
1814    -0.158
1815    -0.388
1816    -0.418
1817    -0.328
1818    -0.328
1819    -0.147
1820    -0.188
1821    -0.057
1822    -0.068
1823    -0.198
1824    -0.027
1825    -0.177
1826     0.012
1827    -0.087
1828    -0.008
1829    -0.068
1830     0.082
1831    -0.038
1832    -0.078
1833     0.103
1834     0.202
1835     0.052
1836    -0.078
1837    -0.068
1838     0.022
1839    -0.048
1840     0.042
1841     0.062
1842     0.182
1843     0.223
1844     0.262
1845     0.212
1846     0.172
1847     0.092
1848    -0.048
1849     0.012
1850     0.042
1851     0.033
1852     0.033
1853    -0.018
1854    -0.008
1855    -0.138
1856     0.202
1857     0.133
1858     0.022
1859     0.003
1860     0.112
1861     0.092
1862     0.042
1863     0.092
1864     0.122
1865     0.242
1866     0.223
1867     0.253
1868     0.242
1869     0.332
1870     0.223
1871     0.302
1872     0.212
1873     0.283
1874     0.193
1875     0.022
1876     0.372
1877     0.292
1878     0.052
1879     0.212
1880     0.223
1881     0.122
1882     0.302
1883     0.042
1884     0.202
1885     0.242
1886     0.142
1887     0.193
1888     0.272
1889     0.422
1890     0.342
1891     0.283
1892     0.223
1893     0.212
1894     0.253
1895     0.202
1896     0.163
1897     0.193
1898     0.042
1899     0.182
1900     0.202
1901     0.272
1902     0.312
1903     0.082
1904     0.062
1905     0.193
1906     0.062
1907     0.182
1908     0.253
1909     0.182
1910     0.292
1911     0.272
1912     0.172
1913     0.353
1914     0.302
1915     0.253
1916     0.262
1917     0.462
1918     0.342
1919     0.362
1920     0.253
1921     0.312
1922     0.383
1923     0.492
1924     0.342
1925     0.323
1926     0.533
1927     0.383
1928     0.302
1929     0.312
1930     0.362
1931     0.413
1932     0.402
1933     0.342
1934     0.323
1935     0.383
1936     0.552
1937     0.552
1938     0.362
1939     0.422
1940     0.253
1941     0.232
1942     0.392
1943     0.552
1944     0.372
1945     0.402
1946     0.622
1947     0.663
1948     0.663
1949     0.533
1950     0.642
1951     0.562
1952     0.573
1953     0.552
1954     0.552
1955     0.342
1956     0.503
1957     0.603
1958     0.452
1959     0.512
1960     0.552
1961     0.642
1962     0.422
1963     0.642
1964     0.582
1965     0.503
1966     0.533
1967     0.402
1968     0.542
1969     0.573
1970     0.592
1971     0.592
1972     0.452
1973     0.462
1974     0.603
1975     0.533
1976     0.533
1977     0.582
1978     0.612
1979     0.772
1980     0.772
1981     0.772
1982     0.823
1983     0.693
1984     0.783
1985     0.922
1986     0.973
1987     0.913
1988     1.003
1989     0.943
1990     0.982
1991     1.052
1992     0.952
1993     0.872
1994     0.862
1995     0.943
1996     1.193
1997     1.202
1998     1.362
1999     1.262